   10    10    20     4     0   -82.00     6  1000.00   140.40    56.70    21.45     0.93  4899.00  4680.00
   10    10    20     4     0   -82.00     6  1001.00   134.94    56.58    24.72     0.96  4918.00  4498.00
   10    10    20     4     0   -82.00     6  1002.00   133.23    52.65    23.07     0.94  4924.00  4441.00
   10    10    20     4     0   -82.00     6  1003.00   131.64    48.96    18.54     0.91  4870.00  4388.00
   10    10    20     4     0   -82.00     6  1004.00   131.64    54.03    22.92     0.95  4951.00  4388.00
   10    10    20     4     0   -82.00     6  1005.00   134.88    52.23    20.85     0.93  4897.00  4496.00
   10    10    20     4     0   -82.00     6  1006.00   138.66    60.12    26.46     0.97  4936.00  4622.00
   10    10    20     4     0   -82.00     6  1007.00   131.22    54.72    23.34     0.96  4845.00  4374.00
   10    10    20     4     0   -82.00     6  1008.00   137.04    56.46    23.85     0.95  4924.00  4568.00
   10    10    20     4     0   -82.00     6  1009.00   131.19    48.09    17.43     0.90  4796.00  4373.00
   10    10    60     4     0   -82.00     6  1000.00   161.67    41.85    11.67     0.76  6423.00  5389.00
   10    10    60     4     0   -82.00     6  1001.00   155.49    39.15    11.88     0.75  6506.00  5183.00
   10    10    60     4     0   -82.00     6  1002.00   155.73    42.66    15.51     0.77  6443.00  5191.00
   10    10    60     4     0   -82.00     6  1003.00   157.41    42.27    11.46     0.76  6421.00  5247.00
   10    10    60     4     0   -82.00     6  1004.00   158.91    39.96    11.22     0.75  6528.00  5297.00
   10    10    60     4     0   -82.00     6  1005.00   163.05    45.93    12.99     0.79  6585.00  5435.00
   10    10    60     4     0   -82.00     6  1006.00   160.41    45.78    14.34     0.79  6590.00  5347.00
   10    10    60     4     0   -82.00     6  1007.00   149.55    42.06    15.75     0.78  6271.00  4985.00
   10    10    60     4     0   -82.00     6  1008.00   159.24    47.28    17.55     0.79  6471.00  5308.00
   10    10    60     4     0   -82.00     6  1009.00   157.77    37.11    10.98     0.71  6453.00  5259.00
   10    10   100     4     0   -82.00     6  1000.00   174.12    31.89     8.04     0.62  7384.00  5804.00
   10    10   100     4     0   -82.00     6  1001.00   170.25    33.27     7.80     0.64  7558.00  5675.00
   10    10   100     4     0   -82.00     6  1002.00   167.64    32.40     7.29     0.62  7442.00  5588.00
   10    10   100     4     0   -82.00     6  1003.00   171.51    37.05     8.70     0.66  7515.00  5717.00
   10    10   100     4     0   -82.00     6  1004.00   171.99    35.49     8.67     0.65  7463.00  5733.00
   10    10   100     4     0   -82.00     6  1005.00   176.22    36.48     9.21     0.67  7707.00  5874.00
   10    10   100     4     0   -82.00     6  1006.00   177.03    39.87     9.12     0.67  7810.00  5901.00
   10    10   100     4     0   -82.00     6  1007.00   165.33    35.91    10.29     0.67  7441.00  5511.00
   10    10   100     4     0   -82.00     6  1008.00   170.31    36.06     7.86     0.66  7480.00  5677.00
   10    10   100     4     0   -82.00     6  1009.00   172.92    32.40     7.80     0.62  7396.00  5764.00
   10    10   140     4     0   -82.00     6  1000.00   188.37    30.42     6.27     0.56  8404.00  6279.00
   10    10   140     4     0   -82.00     6  1001.00   177.60    26.19     5.58     0.56  8219.00  5920.00
   10    10   140     4     0   -82.00     6  1002.00   179.79    26.28     4.89     0.55  8238.00  5993.00
   10    10   140     4     0   -82.00     6  1003.00   189.48    27.69     4.53     0.55  8450.00  6316.00
   10    10   140     4     0   -82.00     6  1004.00   187.11    26.61     5.46     0.56  8436.00  6237.00
   10    10   140     4     0   -82.00     6  1005.00   186.15    29.82     7.56     0.57  8477.00  6205.00
   10    10   140     4     0   -82.00     6  1006.00   182.25    27.42     6.39     0.56  8488.00  6075.00
   10    10   140     4     0   -82.00     6  1007.00   172.32    29.58     6.03     0.57  8078.00  5744.00
   10    10   140     4     0   -82.00     6  1008.00   175.65    31.17     8.07     0.56  8069.00  5855.00
   10    10   140     4     0   -82.00     6  1009.00   177.99    29.64     7.02     0.55  8162.00  5933.00
   10    10   180     4     0   -82.00     6  1000.00   194.37    26.04     5.49     0.51  8911.00  6479.00
   10    10   180     4     0   -82.00     6  1001.00   195.69    21.30     3.72     0.49  9248.00  6523.00
   10    10   180     4     0   -82.00     6  1002.00   195.09    25.44     4.47     0.51  9173.00  6503.00
   10    10   180     4     0   -82.00     6  1003.00   193.35    23.16     3.78     0.50  9109.00  6445.00
   10    10   180     4     0   -82.00     6  1004.00   195.15    24.09     3.93     0.49  8993.00  6505.00
   10    10   180     4     0   -82.00     6  1005.00   185.82    21.81     4.92     0.49  8887.00  6194.00
   10    10   180     4     0   -82.00     6  1006.00   195.30    25.71     5.79     0.49  9268.00  6510.00
   10    10   180     4     0   -82.00     6  1007.00   174.93    22.86     4.11     0.52  8637.00  5831.00
   10    10   180     4     0   -82.00     6  1008.00   191.07    23.79     3.54     0.48  9001.00  6369.00
   10    10   180     4     0   -82.00     6  1009.00   193.86    22.95     4.44     0.47  9016.00  6462.00
   10    10   220     4     0   -82.00     6  1000.00   198.81    26.01     5.04     0.48  9603.00  6627.00
   10    10   220     4     0   -82.00     6  1001.00   191.94    23.13     3.45     0.48  9661.00  6398.00
   10    10   220     4     0   -82.00     6  1002.00   193.05    23.64     3.39     0.47  9472.00  6435.00
   10    10   220     4     0   -82.00     6  1003.00   199.89    20.88     3.69     0.45  9690.00  6663.00
   10    10   220     4     0   -82.00     6  1004.00   202.41    19.92     2.79     0.43  9530.00  6747.00
   10    10   220     4     0   -82.00     6  1005.00   195.69    21.93     3.54     0.45  9511.00  6523.00
   10    10   220     4     0   -82.00     6  1006.00   196.05    22.65     3.96     0.45  9636.00  6535.00
   10    10   220     4     0   -82.00     6  1007.00   189.75    20.49     2.97     0.45  9420.00  6325.00
   10    10   220     4     0   -82.00     6  1008.00   190.47    24.09     4.53     0.46  9439.00  6349.00
   10    10   220     4     0   -82.00     6  1009.00   197.40    21.63     3.78     0.43  9446.00  6580.00
   10    10   260     4     0   -82.00     6  1000.00   202.92    23.73     4.53     0.46 10163.00  6764.00
   10    10   260     4     0   -82.00     6  1001.00   196.62    18.15     2.40     0.41  9875.00  6554.00
   10    10   260     4     0   -82.00     6  1002.00   197.49    17.91     1.83     0.42  9825.00  6583.00
   10    10   260     4     0   -82.00     6  1003.00   205.59    18.57     2.37     0.40 10204.00  6853.00
   10    10   260     4     0   -82.00     6  1004.00   213.51    16.32     2.16     0.39 10214.00  7117.00
   10    10   260     4     0   -82.00     6  1005.00   197.52    19.26     2.91     0.43  9951.00  6584.00
   10    10   260     4     0   -82.00     6  1006.00   200.10    21.03     3.81     0.42 10078.00  6670.00
   10    10   260     4     0   -82.00     6  1007.00   190.44    17.88     2.82     0.41  9670.00  6348.00
   10    10   260     4     0   -82.00     6  1008.00   196.53    22.92     4.17     0.43  9909.00  6551.00
   10    10   260     4     0   -82.00     6  1009.00   210.90    20.97     3.66     0.38 10217.00  7030.00
   10    10   300     4     0   -82.00     6  1000.00   214.89    18.87     3.93     0.41 10630.00  7163.00
   10    10   300     4     0   -82.00     6  1001.00   202.38    16.26     2.16     0.37 10364.00  6746.00
   10    10   300     4     0   -82.00     6  1002.00   196.95    16.53     2.34     0.39 10073.00  6565.00
   10    10   300     4     0   -82.00     6  1003.00   210.63    18.12     2.70     0.37 10524.00  7021.00
   10    10   300     4     0   -82.00     6  1004.00   210.36    16.05     2.70     0.37 10541.00  7012.00
   10    10   300     4     0   -82.00     6  1005.00   200.85    17.91     2.46     0.40 10445.00  6695.00
   10    10   300     4     0   -82.00     6  1006.00   207.36    19.47     3.03     0.38 10600.00  6912.00
   10    10   300     4     0   -82.00     6  1007.00   197.34    19.80     3.36     0.40 10205.00  6578.00
   10    10   300     4     0   -82.00     6  1008.00   194.10    17.28     2.04     0.39 10180.00  6470.00
   10    10   300     4     0   -82.00     6  1009.00   211.53    15.42     2.07     0.34 10491.00  7051.00
   10    10   340     4     0   -82.00     6  1000.00   219.03    19.47     3.27     0.37 11018.00  7301.00
   10    10   340     4     0   -82.00     6  1001.00   207.57    17.13     2.43     0.35 10851.00  6919.00
   10    10   340     4     0   -82.00     6  1002.00   197.46    20.22     3.06     0.41 10547.00  6582.00
   10    10   340     4     0   -82.00     6  1003.00   212.79    14.49     0.75     0.34 10835.00  7093.00
   10    10   340     4     0   -82.00     6  1004.00   212.19    15.18     1.86     0.34 10766.00  7073.00
   10    10   340     4     0   -82.00     6  1005.00   208.05    15.90     2.31     0.36 10916.00  6935.00
   10    10   340     4     0   -82.00     6  1006.00   205.98    19.68     3.84     0.37 10825.00  6866.00
   10    10   340     4     0   -82.00     6  1007.00   197.82    19.20     2.58     0.38 10528.00  6594.00
   10    10   340     4     0   -82.00     6  1008.00   202.98    17.58     2.37     0.37 10765.00  6766.00
   10    10   340     4     0   -82.00     6  1009.00   213.39    13.80     1.89     0.32 10807.00  7113.00
   10    10   380     4     0   -82.00     6  1000.00   213.39    17.52     2.10     0.33 11113.00  7113.00
   10    10   380     4     0   -82.00     6  1001.00   206.28    17.52     2.91     0.33 10991.00  6876.00
   10    10   380     4     0   -82.00     6  1002.00   194.19    15.81     2.31     0.36 10666.00  6473.00
   10    10   380     4     0   -82.00     6  1003.00   216.18    14.25     1.38     0.31 11151.00  7206.00
   10    10   380     4     0   -82.00     6  1004.00   210.45    13.56     1.50     0.33 10957.00  7015.00
   10    10   380     4     0   -82.00     6  1005.00   213.78    14.31     1.80     0.35 11373.00  7126.00
   10    10   380     4     0   -82.00     6  1006.00   210.33    18.84     2.61     0.35 11284.00  7011.00
   10    10   380     4     0   -82.00     6  1007.00   207.51    15.90     2.37     0.34 10944.00  6917.00
   10    10   380     4     0   -82.00     6  1008.00   201.81    17.67     2.16     0.35 10954.00  6727.00
   10    10   380     4     0   -82.00     6  1009.00   220.86    11.10     0.69     0.30 11232.00  7362.00
   10    10   420     4     0   -82.00     6  1000.00   217.02    14.97     1.74     0.32 11187.00  7234.00
   10    10   420     4     0   -82.00     6  1001.00   206.49    14.97     1.83     0.30 11162.00  6883.00
   10    10   420     4     0   -82.00     6  1002.00   197.67    15.57     2.10     0.34 10852.00  6589.00
   10    10   420     4     0   -82.00     6  1003.00   218.88    14.73     1.74     0.28 11451.00  7296.00
   10    10   420     4     0   -82.00     6  1004.00   209.19    13.59     1.80     0.30 11170.00  6973.00
   10    10   420     4     0   -82.00     6  1005.00   212.73    14.01     1.89     0.33 11546.00  7091.00
   10    10   420     4     0   -82.00     6  1006.00   214.65    17.58     2.73     0.33 11638.00  7155.00
   10    10   420     4     0   -82.00     6  1007.00   206.16    17.94     1.95     0.33 11188.00  6872.00
   10    10   420     4     0   -82.00     6  1008.00   203.64    15.33     1.68     0.31 11153.00  6788.00
   10    10   420     4     0   -82.00     6  1009.00   221.55    12.63     1.08     0.29 11429.00  7385.00
   10    10   460     4     0   -82.00     6  1000.00   217.41    16.32     2.34     0.32 11573.00  7247.00
   10    10   460     4     0   -82.00     6  1001.00   207.18    14.55     1.26     0.30 11397.00  6906.00
   10    10   460     4     0   -82.00     6  1002.00   204.15    14.52     1.35     0.32 11213.00  6805.00
   10    10   460     4     0   -82.00     6  1003.00   223.41    12.81     1.56     0.27 11736.00  7447.00
   10    10   460     4     0   -82.00     6  1004.00   206.34    11.67     0.90     0.28 11332.00  6878.00
   10    10   460     4     0   -82.00     6  1005.00   212.58    12.75     0.87     0.30 11536.00  7086.00
   10    10   460     4     0   -82.00     6  1006.00   221.91    13.71     1.41     0.29 11853.00  7397.00
   10    10   460     4     0   -82.00     6  1007.00   213.24    16.65     1.92     0.32 11458.00  7108.00
   10    10   460     4     0   -82.00     6  1008.00   205.56    14.73     1.17     0.31 11351.00  6852.00
   10    10   460     4     0   -82.00     6  1009.00   217.89    13.20     1.47     0.28 11667.00  7263.00
   10    10   500     4     0   -82.00     6  1000.00   218.79    13.47     1.41     0.31 11704.00  7293.00
   10    10   500     4     0   -82.00     6  1001.00   208.68    14.94     1.74     0.29 11637.00  6956.00
   10    10   500     4     0   -82.00     6  1002.00   206.40    14.01     1.86     0.30 11625.00  6880.00
   10    10   500     4     0   -82.00     6  1003.00   224.76    13.11     1.14     0.27 12035.00  7492.00
   10    10   500     4     0   -82.00     6  1004.00   208.26    12.12     1.20     0.27 11558.00  6942.00
   10    10   500     4     0   -82.00     6  1005.00   212.64    12.90     1.41     0.29 11778.00  7088.00
   10    10   500     4     0   -82.00     6  1006.00   213.15    15.51     1.80     0.29 11819.00  7105.00
   10    10   500     4     0   -82.00     6  1007.00   213.03    13.50     0.99     0.31 11659.00  7101.00
   10    10   500     4     0   -82.00     6  1008.00   202.47    16.26     2.22     0.31 11588.00  6749.00
   10    10   500     4     0   -82.00     6  1009.00   214.86    12.00     0.96     0.27 11718.00  7162.00
