    3    33   100     4     0   -82.00     6  1000.00   103.08    26.61     8.43     0.67  4979.00  3436.00
    3    33   100     4     0   -82.00     6  1001.00   102.84    30.63    12.54     0.73  5043.00  3428.00
    3    33   100     4     0   -82.00     6  1002.00   100.53    26.49     9.09     0.67  5068.00  3351.00
    3    33   100     4     0   -82.00     6  1003.00   105.36    22.26     7.95     0.51  5024.00  3512.00
    3    33   100     4     0   -82.00     6  1004.00   101.88    25.38     9.03     0.63  5092.00  3396.00
    3    33   100     4     0   -82.00     6  1005.00   103.83    26.73     8.91     0.62  4995.00  3461.00
    3    33   100     4     0   -82.00     6  1006.00   100.74    27.36     8.58     0.64  5032.00  3358.00
    3    33   100     4     0   -82.00     6  1007.00   109.02    23.73     8.01     0.45  5098.00  3634.00
    3    33   100     4     0   -82.00     6  1008.00   104.46    23.40     6.12     0.57  5037.00  3482.00
    3    33   100     4     0   -82.00     6  1009.00   105.75    23.49     7.80     0.44  5049.00  3525.00
    4    25   100     4     0   -82.00     6  1000.00   114.75    16.53     3.90     0.40  5483.00  3825.00
    4    25   100     4     0   -82.00     6  1001.00   110.82    21.96     6.24     0.49  5486.00  3694.00
    4    25   100     4     0   -82.00     6  1002.00   111.39    21.45     7.50     0.52  5380.00  3713.00
    4    25   100     4     0   -82.00     6  1003.00   108.21    21.78     7.17     0.55  5402.00  3607.00
    4    25   100     4     0   -82.00     6  1004.00   103.11    26.91     9.63     0.64  5448.00  3437.00
    4    25   100     4     0   -82.00     6  1005.00   104.70    21.96     8.01     0.54  5450.00  3490.00
    4    25   100     4     0   -82.00     6  1006.00   108.45    25.44     5.55     0.61  5325.00  3615.00
    4    25   100     4     0   -82.00     6  1007.00   110.94    15.69     4.08     0.38  5381.00  3698.00
    4    25   100     4     0   -82.00     6  1008.00   104.34    23.73     8.58     0.59  5454.00  3478.00
    4    25   100     4     0   -82.00     6  1009.00   107.88    22.80     7.41     0.52  5260.00  3596.00
    5    20   100     4     0   -82.00     6  1000.00   124.38    20.13     5.73     0.46  5848.00  4146.00
    5    20   100     4     0   -82.00     6  1001.00   120.06    17.40     4.38     0.43  5861.00  4002.00
    5    20   100     4     0   -82.00     6  1002.00   116.28    19.11     5.19     0.53  5861.00  3876.00
    5    20   100     4     0   -82.00     6  1003.00   116.10    21.09     6.75     0.53  5770.00  3870.00
    5    20   100     4     0   -82.00     6  1004.00   115.92    15.66     3.39     0.44  5763.00  3864.00
    5    20   100     4     0   -82.00     6  1005.00   112.80    18.27     4.20     0.53  5760.00  3760.00
    5    20   100     4     0   -82.00     6  1006.00   112.47    24.63     7.50     0.61  5944.00  3749.00
    5    20   100     4     0   -82.00     6  1007.00   118.35    23.28     6.66     0.56  5759.00  3945.00
    5    20   100     4     0   -82.00     6  1008.00   118.32    21.00     4.95     0.51  5813.00  3944.00
    5    20   100     4     0   -82.00     6  1009.00   118.68    20.16     5.37     0.53  5911.00  3956.00
    6    16   100     4     0   -82.00     6  1000.00   136.23    22.05     6.18     0.49  6258.00  4541.00
    6    16   100     4     0   -82.00     6  1001.00   135.99    19.41     4.89     0.48  6332.00  4533.00
    6    16   100     4     0   -82.00     6  1002.00   130.20    20.19     5.67     0.48  6096.00  4340.00
    6    16   100     4     0   -82.00     6  1003.00   127.62    27.78     7.68     0.57  6181.00  4254.00
    6    16   100     4     0   -82.00     6  1004.00   133.05    17.37     3.18     0.47  6234.00  4435.00
    6    16   100     4     0   -82.00     6  1005.00   120.57    28.26     8.37     0.66  6198.00  4019.00
    6    16   100     4     0   -82.00     6  1006.00   130.14    21.00     5.79     0.51  6268.00  4338.00
    6    16   100     4     0   -82.00     6  1007.00   136.80    19.17     5.16     0.45  6220.00  4560.00
    6    16   100     4     0   -82.00     6  1008.00   131.82    23.16     6.60     0.50  6224.00  4394.00
    6    16   100     4     0   -82.00     6  1009.00   130.23    22.89     6.21     0.48  6183.00  4341.00
    7    14   100     4     0   -82.00     6  1000.00   137.61    20.31     4.35     0.52  6334.00  4587.00
    7    14   100     4     0   -82.00     6  1001.00   137.85    23.70     5.22     0.52  6550.00  4595.00
    7    14   100     4     0   -82.00     6  1002.00   139.68    23.34     5.25     0.54  6536.00  4656.00
    7    14   100     4     0   -82.00     6  1003.00   127.98    25.44     7.26     0.57  6358.00  4266.00
    7    14   100     4     0   -82.00     6  1004.00   143.16    18.24     4.08     0.52  6561.00  4772.00
    7    14   100     4     0   -82.00     6  1005.00   138.00    21.21     4.83     0.52  6454.00  4600.00
    7    14   100     4     0   -82.00     6  1006.00   149.31    20.76     4.05     0.52  6661.00  4977.00
    7    14   100     4     0   -82.00     6  1007.00   137.94    27.06     6.12     0.56  6553.00  4598.00
    7    14   100     4     0   -82.00     6  1008.00   143.22    25.11     6.27     0.54  6583.00  4774.00
    7    14   100     4     0   -82.00     6  1009.00   135.60    25.20     4.35     0.57  6523.00  4520.00
    8    12   100     4     0   -82.00     6  1000.00   146.19    31.68    10.23     0.62  6779.00  4873.00
    8    12   100     4     0   -82.00     6  1001.00   152.79    28.68     8.28     0.62  7006.00  5093.00
    8    12   100     4     0   -82.00     6  1002.00   142.92    27.24     5.70     0.59  6695.00  4764.00
    8    12   100     4     0   -82.00     6  1003.00   152.46    28.14     5.82     0.60  6993.00  5082.00
    8    12   100     4     0   -82.00     6  1004.00   148.08    27.42     6.33     0.58  6893.00  4936.00
    8    12   100     4     0   -82.00     6  1005.00   144.06    26.79     6.42     0.59  6645.00  4802.00
    8    12   100     4     0   -82.00     6  1006.00   148.89    31.05     7.26     0.62  7084.00  4963.00
    8    12   100     4     0   -82.00     6  1007.00   149.16    30.66     9.48     0.62  6881.00  4972.00
    8    12   100     4     0   -82.00     6  1008.00   147.21    27.96     6.60     0.57  6800.00  4907.00
    8    12   100     4     0   -82.00     6  1009.00   157.02    25.17     5.10     0.58  6900.00  5234.00
    9    11   100     4     0   -82.00     6  1000.00   144.81    27.51     7.38     0.58  6843.00  4827.00
    9    11   100     4     0   -82.00     6  1001.00   165.27    30.87     9.00     0.64  7368.00  5509.00
    9    11   100     4     0   -82.00     6  1002.00   152.07    30.36     8.61     0.59  6903.00  5069.00
    9    11   100     4     0   -82.00     6  1003.00   165.18    26.94     6.33     0.59  7336.00  5506.00
    9    11   100     4     0   -82.00     6  1004.00   155.40    32.55     9.84     0.63  7169.00  5180.00
    9    11   100     4     0   -82.00     6  1005.00   158.58    25.71     5.52     0.59  7219.00  5286.00
    9    11   100     4     0   -82.00     6  1006.00   167.94    29.85     6.42     0.60  7358.00  5598.00
    9    11   100     4     0   -82.00     6  1007.00   163.80    29.73     6.87     0.60  7121.00  5460.00
    9    11   100     4     0   -82.00     6  1008.00   165.45    26.01     5.58     0.59  7155.00  5515.00
    9    11   100     4     0   -82.00     6  1009.00   163.89    28.38     6.30     0.59  7191.00  5463.00
   10    10   100     4     0   -82.00     6  1000.00   174.12    31.89     8.04     0.62  7384.00  5804.00
   10    10   100     4     0   -82.00     6  1001.00   170.25    33.27     7.80     0.64  7558.00  5675.00
   10    10   100     4     0   -82.00     6  1002.00   167.64    32.40     7.29     0.62  7442.00  5588.00
   10    10   100     4     0   -82.00     6  1003.00   171.51    37.05     8.70     0.66  7515.00  5717.00
   10    10   100     4     0   -82.00     6  1004.00   171.99    35.49     8.67     0.65  7463.00  5733.00
   10    10   100     4     0   -82.00     6  1005.00   176.22    36.48     9.21     0.67  7707.00  5874.00
   10    10   100     4     0   -82.00     6  1006.00   177.03    39.87     9.12     0.67  7810.00  5901.00
   10    10   100     4     0   -82.00     6  1007.00   165.33    35.91    10.29     0.67  7441.00  5511.00
   10    10   100     4     0   -82.00     6  1008.00   170.31    36.06     7.86     0.66  7480.00  5677.00
   10    10   100     4     0   -82.00     6  1009.00   172.92    32.40     7.80     0.62  7396.00  5764.00
   11     9   100     4     0   -82.00     6  1000.00   179.13    40.08    11.22     0.68  7704.00  5971.00
   11     9   100     4     0   -82.00     6  1001.00   177.09    38.04     7.68     0.68  7770.00  5903.00
   11     9   100     4     0   -82.00     6  1002.00   176.88    26.76     5.91     0.58  7462.00  5896.00
   11     9   100     4     0   -82.00     6  1003.00   179.34    43.38    10.02     0.70  7651.00  5978.00
   11     9   100     4     0   -82.00     6  1004.00   184.89    38.31     9.72     0.66  7785.00  6163.00
   11     9   100     4     0   -82.00     6  1005.00   177.66    39.75    12.63     0.69  7753.00  5922.00
   11     9   100     4     0   -82.00     6  1006.00   185.07    38.64     9.48     0.67  7985.00  6169.00
   11     9   100     4     0   -82.00     6  1007.00   170.67    38.97    11.64     0.68  7595.00  5689.00
   11     9   100     4     0   -82.00     6  1008.00   180.63    38.94     9.78     0.67  7733.00  6021.00
   11     9   100     4     0   -82.00     6  1009.00   180.69    34.98     8.91     0.66  7757.00  6023.00
   12     8   100     4     0   -82.00     6  1000.00   197.82    46.14    13.56     0.72  8087.00  6594.00
   12     8   100     4     0   -82.00     6  1001.00   191.10    44.61     9.57     0.71  8149.00  6370.00
   12     8   100     4     0   -82.00     6  1002.00   184.62    39.99    10.26     0.68  7730.00  6154.00
   12     8   100     4     0   -82.00     6  1003.00   189.93    43.47     9.15     0.70  8079.00  6331.00
   12     8   100     4     0   -82.00     6  1004.00   178.83    42.27    11.70     0.70  7707.00  5961.00
   12     8   100     4     0   -82.00     6  1005.00   181.29    42.84    11.34     0.70  7866.00  6043.00
   12     8   100     4     0   -82.00     6  1006.00   185.07    44.64    11.40     0.72  8048.00  6169.00
   12     8   100     4     0   -82.00     6  1007.00   175.38    45.75    13.95     0.73  7772.00  5846.00
   12     8   100     4     0   -82.00     6  1008.00   186.27    48.45    13.86     0.74  8010.00  6209.00
   12     8   100     4     0   -82.00     6  1009.00   183.99    46.05    14.28     0.72  7801.00  6133.00
   13     7   100     4     0   -82.00     6  1000.00   198.69    42.39    10.83     0.69  8141.00  6623.00
   13     7   100     4     0   -82.00     6  1001.00   205.29    49.74    11.55     0.74  8509.00  6843.00
   13     7   100     4     0   -82.00     6  1002.00   187.53    45.63    10.56     0.72  7940.00  6251.00
   13     7   100     4     0   -82.00     6  1003.00   195.78    49.83    10.86     0.74  8174.00  6526.00
   13     7   100     4     0   -82.00     6  1004.00   194.40    40.20     9.42     0.68  8057.00  6480.00
   13     7   100     4     0   -82.00     6  1005.00   202.41    50.46    13.29     0.74  8366.00  6747.00
   13     7   100     4     0   -82.00     6  1006.00   197.94    53.25    16.89     0.76  8401.00  6598.00
   13     7   100     4     0   -82.00     6  1007.00   196.74    44.40    11.94     0.70  8217.00  6558.00
   13     7   100     4     0   -82.00     6  1008.00   196.05    45.03    10.56     0.71  8196.00  6535.00
   13     7   100     4     0   -82.00     6  1009.00   192.48    41.22     9.78     0.69  7966.00  6416.00
