   10    10   100     1     0   -82.00     6  1000.00    56.31     4.08     0.75     0.32  2834.00  1877.00
   10    10   100     1     0   -82.00     6  1001.00    49.32     3.45     0.57     0.37  2797.00  1644.00
   10    10   100     1     0   -82.00     6  1002.00    53.25     3.48     0.48     0.29  2835.00  1775.00
   10    10   100     1     0   -82.00     6  1003.00    53.64     3.39     0.27     0.30  2811.00  1788.00
   10    10   100     1     0   -82.00     6  1004.00    53.85     4.71     0.69     0.34  2774.00  1795.00
   10    10   100     1     0   -82.00     6  1005.00    51.51     4.20     0.51     0.34  2774.00  1717.00
   10    10   100     1     0   -82.00     6  1006.00    53.58     5.40     0.87     0.36  2976.00  1786.00
   10    10   100     1     0   -82.00     6  1007.00    51.57     2.52     0.30     0.30  2792.00  1719.00
   10    10   100     1     0   -82.00     6  1008.00    51.21     4.38     0.60     0.31  2736.00  1707.00
   10    10   100     1     0   -82.00     6  1009.00    55.65     3.33     0.78     0.29  2780.00  1855.00
   10    10   100     2     0   -82.00     6  1000.00    99.39    13.83     3.27     0.48  4664.00  3313.00
   10    10   100     2     0   -82.00     6  1001.00    95.10    12.03     1.65     0.48  4709.00  3170.00
   10    10   100     2     0   -82.00     6  1002.00    92.31    10.77     1.74     0.45  4546.00  3077.00
   10    10   100     2     0   -82.00     6  1003.00    96.27     9.45     1.47     0.46  4543.00  3209.00
   10    10   100     2     0   -82.00     6  1004.00    97.65    14.28     2.73     0.51  4727.00  3255.00
   10    10   100     2     0   -82.00     6  1005.00    96.87    13.29     1.35     0.53  4680.00  3229.00
   10    10   100     2     0   -82.00     6  1006.00   101.16    11.91     1.92     0.49  4862.00  3372.00
   10    10   100     2     0   -82.00     6  1007.00    93.69    11.55     2.46     0.46  4620.00  3123.00
   10    10   100     2     0   -82.00     6  1008.00    93.84    10.35     1.44     0.45  4581.00  3128.00
   10    10   100     2     0   -82.00     6  1009.00    99.81     8.52     0.87     0.40  4615.00  3327.00
   10    10   100     3     0   -82.00     6  1000.00   144.69    23.16     4.44     0.59  6362.00  4823.00
   10    10   100     3     0   -82.00     6  1001.00   134.19    20.94     4.77     0.56  6149.00  4473.00
   10    10   100     3     0   -82.00     6  1002.00   134.46    19.26     3.45     0.55  6169.00  4482.00
   10    10   100     3     0   -82.00     6  1003.00   133.83    23.01     5.10     0.57  6068.00  4461.00
   10    10   100     3     0   -82.00     6  1004.00   134.37    20.19     4.68     0.55  6074.00  4479.00
   10    10   100     3     0   -82.00     6  1005.00   141.21    25.17     6.48     0.61  6441.00  4707.00
   10    10   100     3     0   -82.00     6  1006.00   134.76    26.43     5.85     0.61  6363.00  4492.00
   10    10   100     3     0   -82.00     6  1007.00   132.72    24.36     5.79     0.59  6110.00  4424.00
   10    10   100     3     0   -82.00     6  1008.00   133.41    21.90     5.73     0.57  6101.00  4447.00
   10    10   100     3     0   -82.00     6  1009.00   135.60    19.17     3.63     0.52  6143.00  4520.00
   10    10   100     4     0   -82.00     6  1000.00   174.12    31.89     8.04     0.62  7384.00  5804.00
   10    10   100     4     0   -82.00     6  1001.00   170.25    33.27     7.80     0.64  7558.00  5675.00
   10    10   100     4     0   -82.00     6  1002.00   167.64    32.40     7.29     0.62  7442.00  5588.00
   10    10   100     4     0   -82.00     6  1003.00   171.51    37.05     8.70     0.66  7515.00  5717.00
   10    10   100     4     0   -82.00     6  1004.00   171.99    35.49     8.67     0.65  7463.00  5733.00
   10    10   100     4     0   -82.00     6  1005.00   176.22    36.48     9.21     0.67  7707.00  5874.00
   10    10   100     4     0   -82.00     6  1006.00   177.03    39.87     9.12     0.67  7810.00  5901.00
   10    10   100     4     0   -82.00     6  1007.00   165.33    35.91    10.29     0.67  7441.00  5511.00
   10    10   100     4     0   -82.00     6  1008.00   170.31    36.06     7.86     0.66  7480.00  5677.00
   10    10   100     4     0   -82.00     6  1009.00   172.92    32.40     7.80     0.62  7396.00  5764.00
   10    10   100     5     0   -82.00     6  1000.00   213.15    48.72    15.60     0.69  8857.00  7105.00
   10    10   100     5     0   -82.00     6  1001.00   207.03    47.85    10.89     0.71  8843.00  6901.00
   10    10   100     5     0   -82.00     6  1002.00   201.42    46.32    13.53     0.70  8749.00  6714.00
   10    10   100     5     0   -82.00     6  1003.00   204.39    45.93    10.80     0.68  8673.00  6813.00
   10    10   100     5     0   -82.00     6  1004.00   215.10    44.67    10.41     0.69  8978.00  7170.00
   10    10   100     5     0   -82.00     6  1005.00   209.31    53.46    16.98     0.73  8847.00  6977.00
   10    10   100     5     0   -82.00     6  1006.00   210.42    51.24    15.72     0.72  8969.00  7014.00
   10    10   100     5     0   -82.00     6  1007.00   200.97    45.18    11.07     0.70  8716.00  6699.00
   10    10   100     5     0   -82.00     6  1008.00   201.54    43.11    11.28     0.69  8619.00  6718.00
   10    10   100     5     0   -82.00     6  1009.00   201.45    45.03    13.53     0.69  8690.00  6715.00
   10    10   100     6     0   -82.00     6  1000.00   245.52    65.82    20.58     0.77 10051.00  8184.00
   10    10   100     6     0   -82.00     6  1001.00   246.81    64.14    19.56     0.75 10139.00  8227.00
   10    10   100     6     0   -82.00     6  1002.00   241.38    56.25    12.60     0.72  9896.00  8046.00
   10    10   100     6     0   -82.00     6  1003.00   243.15    60.03    15.42     0.73  9948.00  8105.00
   10    10   100     6     0   -82.00     6  1004.00   238.83    59.46    17.13     0.74  9870.00  7961.00
   10    10   100     6     0   -82.00     6  1005.00   245.61    65.49    19.26     0.77 10107.00  8187.00
   10    10   100     6     0   -82.00     6  1006.00   244.11    67.86    21.27     0.78 10171.00  8137.00
   10    10   100     6     0   -82.00     6  1007.00   238.50    63.57    16.65     0.76  9972.00  7950.00
   10    10   100     6     0   -82.00     6  1008.00   233.37    56.10    16.92     0.73  9875.00  7779.00
   10    10   100     6     0   -82.00     6  1009.00   236.67    52.11    12.54     0.70  9934.00  7889.00
   10    10   100     7     0   -82.00     6  1000.00   278.04    75.54    21.69     0.77 11099.00  9268.00
   10    10   100     7     0   -82.00     6  1001.00   278.79    73.89    21.45     0.77 11357.00  9293.00
   10    10   100     7     0   -82.00     6  1002.00   267.39    69.45    23.52     0.76 10951.00  8913.00
   10    10   100     7     0   -82.00     6  1003.00   271.20    74.52    25.83     0.78 11047.00  9040.00
   10    10   100     7     0   -82.00     6  1004.00   271.17    73.23    21.99     0.77 11087.00  9039.00
   10    10   100     7     0   -82.00     6  1005.00   282.15    76.68    24.24     0.78 11370.00  9405.00
   10    10   100     7     0   -82.00     6  1006.00   279.81    78.18    26.25     0.79 11368.00  9327.00
   10    10   100     7     0   -82.00     6  1007.00   269.82    75.42    25.23     0.78 11188.00  8994.00
   10    10   100     7     0   -82.00     6  1008.00   270.75    76.47    23.34     0.79 11109.00  9025.00
   10    10   100     7     0   -82.00     6  1009.00   272.91    70.38    21.90     0.75 11066.00  9097.00
   10    10   100     8     0   -82.00     6  1000.00   305.13    83.10    28.20     0.78 12046.00 10171.00
   10    10   100     8     0   -82.00     6  1001.00   304.05    96.81    36.69     0.84 12436.00 10135.00
   10    10   100     8     0   -82.00     6  1002.00   303.54    87.30    25.77     0.80 12220.00 10118.00
   10    10   100     8     0   -82.00     6  1003.00   302.25    84.87    27.21     0.80 12107.00 10075.00
   10    10   100     8     0   -82.00     6  1004.00   312.18    91.29    30.39     0.81 12252.00 10406.00
   10    10   100     8     0   -82.00     6  1005.00   308.43    89.01    29.10     0.80 12196.00 10281.00
   10    10   100     8     0   -82.00     6  1006.00   309.93    95.97    31.35     0.82 12486.00 10331.00
   10    10   100     8     0   -82.00     6  1007.00   298.56    90.45    30.24     0.81 12224.00  9952.00
   10    10   100     8     0   -82.00     6  1008.00   305.64    94.89    32.76     0.83 12304.00 10188.00
   10    10   100     8     0   -82.00     6  1009.00   299.70    84.69    26.37     0.79 12090.00  9990.00
   10    10   100     9     0   -82.00     6  1000.00   341.76   108.45    36.09     0.84 13457.00 11392.00
   10    10   100     9     0   -82.00     6  1001.00   342.69   115.11    44.04     0.87 13530.00 11423.00
   10    10   100     9     0   -82.00     6  1002.00   337.14    99.24    27.69     0.80 13309.00 11238.00
   10    10   100     9     0   -82.00     6  1003.00   335.25   103.32    35.43     0.83 13301.00 11175.00
   10    10   100     9     0   -82.00     6  1004.00   339.33   103.92    33.42     0.82 13377.00 11311.00
   10    10   100     9     0   -82.00     6  1005.00   339.18   107.64    35.97     0.84 13449.00 11306.00
   10    10   100     9     0   -82.00     6  1006.00   331.05   106.44    37.02     0.84 13306.00 11035.00
   10    10   100     9     0   -82.00     6  1007.00   333.06   105.93    36.18     0.84 13367.00 11102.00
   10    10   100     9     0   -82.00     6  1008.00   327.06   106.80    36.15     0.85 13156.00 10902.00
   10    10   100     9     0   -82.00     6  1009.00   337.89    99.63    31.92     0.81 13272.00 11263.00
