    3    33   100     4     0   -82.00     6  1000.00   102.12    22.65     7.05     0.57  5009.00  3404.00
    3    33   100     4     0   -82.00     6  1001.00   105.66    30.30    11.13     0.72  5063.00  3522.00
    3    33   100     4     0   -82.00     6  1002.00   103.44    27.81    10.05     0.63  5004.00  3448.00
    3    33   100     4     0   -82.00     6  1003.00   101.40    26.52     9.18     0.67  5005.00  3380.00
    3    33   100     4     0   -82.00     6  1004.00   104.40    30.54    12.09     0.60  4985.00  3480.00
    3    33   100     4     0   -82.00     6  1005.00   102.24    29.79    12.06     0.73  5047.00  3408.00
    3    33   100     4     0   -82.00     6  1006.00   101.73    27.51     9.63     0.64  5032.00  3391.00
    3    33   100     4     0   -82.00     6  1007.00   107.04    29.31    11.43     0.73  5149.00  3568.00
    3    33   100     4     0   -82.00     6  1008.00   102.90    26.19     9.27     0.73  4958.00  3430.00
    3    33   100     4     0   -82.00     6  1009.00   103.68    31.05    11.25     0.70  5013.00  3456.00
    4    25   100     4     0   -82.00     6  1000.00   110.91    22.50     6.27     0.57  5523.00  3697.00
    4    25   100     4     0   -82.00     6  1001.00   106.44    27.00     8.34     0.63  5502.00  3548.00
    4    25   100     4     0   -82.00     6  1002.00   111.39    27.27     9.30     0.61  5475.00  3713.00
    4    25   100     4     0   -82.00     6  1003.00   105.36    28.02     9.33     0.63  5441.00  3512.00
    4    25   100     4     0   -82.00     6  1004.00   107.88    25.53     9.18     0.61  5419.00  3596.00
    4    25   100     4     0   -82.00     6  1005.00   106.83    23.28     6.60     0.62  5522.00  3561.00
    4    25   100     4     0   -82.00     6  1006.00   106.05    26.37     9.12     0.65  5475.00  3535.00
    4    25   100     4     0   -82.00     6  1007.00   108.27    22.29     7.05     0.54  5448.00  3609.00
    4    25   100     4     0   -82.00     6  1008.00   104.97    28.74     9.51     0.72  5361.00  3499.00
    4    25   100     4     0   -82.00     6  1009.00   105.39    26.13     8.52     0.63  5431.00  3513.00
    5    20   100     4     0   -82.00     6  1000.00   124.02    27.90     6.57     0.63  5954.00  4134.00
    5    20   100     4     0   -82.00     6  1001.00   118.32    26.61     9.42     0.58  5941.00  3944.00
    5    20   100     4     0   -82.00     6  1002.00   116.49    24.48     7.14     0.57  5842.00  3883.00
    5    20   100     4     0   -82.00     6  1003.00   114.03    23.73     5.25     0.62  5857.00  3801.00
    5    20   100     4     0   -82.00     6  1004.00   108.21    25.71     8.85     0.62  5694.00  3607.00
    5    20   100     4     0   -82.00     6  1005.00   114.27    22.59     5.43     0.61  5880.00  3809.00
    5    20   100     4     0   -82.00     6  1006.00   113.13    27.57     8.31     0.69  5850.00  3771.00
    5    20   100     4     0   -82.00     6  1007.00   123.39    24.69     8.28     0.60  6075.00  4113.00
    5    20   100     4     0   -82.00     6  1008.00   114.72    27.39     9.03     0.67  5834.00  3824.00
    5    20   100     4     0   -82.00     6  1009.00   118.80    22.47     7.02     0.56  5955.00  3960.00
    6    16   100     4     0   -82.00     6  1000.00   133.29    30.54     7.53     0.65  6343.00  4443.00
    6    16   100     4     0   -82.00     6  1001.00   134.10    31.17     9.36     0.66  6692.00  4470.00
    6    16   100     4     0   -82.00     6  1002.00   129.81    27.75     8.73     0.63  6402.00  4327.00
    6    16   100     4     0   -82.00     6  1003.00   124.98    29.01     9.03     0.66  6148.00  4166.00
    6    16   100     4     0   -82.00     6  1004.00   132.15    26.37     6.72     0.62  6380.00  4405.00
    6    16   100     4     0   -82.00     6  1005.00   127.56    27.27     7.11     0.62  6230.00  4252.00
    6    16   100     4     0   -82.00     6  1006.00   130.32    26.85     7.47     0.63  6428.00  4344.00
    6    16   100     4     0   -82.00     6  1007.00   129.06    26.31     7.41     0.58  6360.00  4302.00
    6    16   100     4     0   -82.00     6  1008.00   128.16    32.25    10.50     0.70  6414.00  4272.00
    6    16   100     4     0   -82.00     6  1009.00   126.81    23.82     5.04     0.59  6307.00  4227.00
    7    14   100     4     0   -82.00     6  1000.00   134.82    34.17     7.56     0.69  6378.00  4494.00
    7    14   100     4     0   -82.00     6  1001.00   140.28    27.45     6.78     0.63  6773.00  4676.00
    7    14   100     4     0   -82.00     6  1002.00   136.86    30.72     8.16     0.67  6689.00  4562.00
    7    14   100     4     0   -82.00     6  1003.00   131.64    25.53     5.94     0.63  6502.00  4388.00
    7    14   100     4     0   -82.00     6  1004.00   137.13    26.70     7.35     0.61  6662.00  4571.00
    7    14   100     4     0   -82.00     6  1005.00   141.57    29.10     8.25     0.66  6748.00  4719.00
    7    14   100     4     0   -82.00     6  1006.00   142.62    32.55    10.20     0.67  6875.00  4754.00
    7    14   100     4     0   -82.00     6  1007.00   137.25    30.54     7.95     0.66  6740.00  4575.00
    7    14   100     4     0   -82.00     6  1008.00   146.64    30.84     9.33     0.64  6861.00  4888.00
    7    14   100     4     0   -82.00     6  1009.00   137.52    30.84    10.68     0.64  6721.00  4584.00
    8    12   100     4     0   -82.00     6  1000.00   152.61    41.88    13.32     0.74  6965.00  5087.00
    8    12   100     4     0   -82.00     6  1001.00   151.14    35.43     9.90     0.69  7335.00  5038.00
    8    12   100     4     0   -82.00     6  1002.00   142.98    30.57     8.31     0.65  6817.00  4766.00
    8    12   100     4     0   -82.00     6  1003.00   153.87    37.14    10.62     0.69  7239.00  5129.00
    8    12   100     4     0   -82.00     6  1004.00   145.08    39.42    12.63     0.75  6908.00  4836.00
    8    12   100     4     0   -82.00     6  1005.00   148.17    37.08     9.99     0.71  7049.00  4939.00
    8    12   100     4     0   -82.00     6  1006.00   145.53    37.20    12.18     0.73  7039.00  4851.00
    8    12   100     4     0   -82.00     6  1007.00   150.60    37.26    11.85     0.70  7085.00  5020.00
    8    12   100     4     0   -82.00     6  1008.00   149.28    37.11    11.91     0.69  7038.00  4976.00
    8    12   100     4     0   -82.00     6  1009.00   161.73    38.46    12.09     0.70  7356.00  5391.00
    9    11   100     4     0   -82.00     6  1000.00   150.69    39.99    11.52     0.73  7147.00  5023.00
    9    11   100     4     0   -82.00     6  1001.00   161.91    41.55    13.53     0.71  7411.00  5397.00
    9    11   100     4     0   -82.00     6  1002.00   148.74    32.70     9.33     0.66  7007.00  4958.00
    9    11   100     4     0   -82.00     6  1003.00   161.07    39.54    11.37     0.70  7269.00  5369.00
    9    11   100     4     0   -82.00     6  1004.00   158.85    39.03    12.45     0.70  7403.00  5295.00
    9    11   100     4     0   -82.00     6  1005.00   155.52    41.40    11.82     0.73  7288.00  5184.00
    9    11   100     4     0   -82.00     6  1006.00   171.63    45.18    13.95     0.74  7707.00  5721.00
    9    11   100     4     0   -82.00     6  1007.00   166.44    40.77    12.96     0.73  7519.00  5548.00
    9    11   100     4     0   -82.00     6  1008.00   157.32    37.23    10.86     0.69  7270.00  5244.00
    9    11   100     4     0   -82.00     6  1009.00   168.60    39.51    12.51     0.71  7623.00  5620.00
   10    10   100     4     0   -82.00     6  1000.00   179.88    45.48    14.82     0.74  7788.00  5996.00
   10    10   100     4     0   -82.00     6  1001.00   172.08    44.82    14.04     0.75  7733.00  5736.00
   10    10   100     4     0   -82.00     6  1002.00   169.68    37.20    10.56     0.70  7642.00  5656.00
   10    10   100     4     0   -82.00     6  1003.00   171.06    39.96    11.01     0.71  7616.00  5702.00
   10    10   100     4     0   -82.00     6  1004.00   176.40    44.22    13.02     0.73  7779.00  5880.00
   10    10   100     4     0   -82.00     6  1005.00   174.63    44.85    12.00     0.75  7739.00  5821.00
   10    10   100     4     0   -82.00     6  1006.00   177.69    51.96    18.87     0.79  8017.00  5923.00
   10    10   100     4     0   -82.00     6  1007.00   166.17    47.31    15.72     0.76  7725.00  5539.00
   10    10   100     4     0   -82.00     6  1008.00   166.86    40.98    12.30     0.72  7589.00  5562.00
   10    10   100     4     0   -82.00     6  1009.00   175.53    40.89    10.50     0.71  7676.00  5851.00
   11     9   100     4     0   -82.00     6  1000.00   184.74    51.27    17.31     0.77  7852.00  6158.00
   11     9   100     4     0   -82.00     6  1001.00   178.71    51.15    16.41     0.77  7925.00  5957.00
   11     9   100     4     0   -82.00     6  1002.00   182.52    48.69    15.00     0.76  8047.00  6084.00
   11     9   100     4     0   -82.00     6  1003.00   182.76    46.95    12.84     0.74  7898.00  6092.00
   11     9   100     4     0   -82.00     6  1004.00   188.73    54.03    18.54     0.79  8046.00  6291.00
   11     9   100     4     0   -82.00     6  1005.00   184.29    50.73    17.25     0.77  8054.00  6143.00
   11     9   100     4     0   -82.00     6  1006.00   180.96    49.89    15.03     0.76  7978.00  6032.00
   11     9   100     4     0   -82.00     6  1007.00   173.73    44.28    13.14     0.74  7814.00  5791.00
   11     9   100     4     0   -82.00     6  1008.00   178.20    52.26    16.02     0.79  7889.00  5940.00
   11     9   100     4     0   -82.00     6  1009.00   183.93    49.83    15.90     0.76  8038.00  6131.00
   12     8   100     4     0   -82.00     6  1000.00   206.13    59.10    18.27     0.80  8540.00  6871.00
   12     8   100     4     0   -82.00     6  1001.00   185.10    54.51    17.88     0.80  8203.00  6170.00
   12     8   100     4     0   -82.00     6  1002.00   189.36    53.34    18.09     0.78  8107.00  6312.00
   12     8   100     4     0   -82.00     6  1003.00   193.50    50.19    14.85     0.75  8176.00  6450.00
   12     8   100     4     0   -82.00     6  1004.00   183.33    48.24    14.64     0.76  8040.00  6111.00
   12     8   100     4     0   -82.00     6  1005.00   180.69    49.20    15.06     0.76  8060.00  6023.00
   12     8   100     4     0   -82.00     6  1006.00   188.37    54.03    17.82     0.78  8245.00  6279.00
   12     8   100     4     0   -82.00     6  1007.00   183.15    47.94    17.01     0.75  7865.00  6105.00
   12     8   100     4     0   -82.00     6  1008.00   189.06    48.00    16.68     0.74  7997.00  6302.00
   12     8   100     4     0   -82.00     6  1009.00   190.44    53.88    18.48     0.78  8187.00  6348.00
   13     7   100     4     0   -82.00     6  1000.00   202.23    59.01    18.54     0.80  8398.00  6741.00
   13     7   100     4     0   -82.00     6  1001.00   210.81    62.28    18.84     0.81  8696.00  7027.00
   13     7   100     4     0   -82.00     6  1002.00   190.50    49.71    14.58     0.77  8192.00  6350.00
   13     7   100     4     0   -82.00     6  1003.00   199.14    59.49    16.86     0.80  8360.00  6638.00
   13     7   100     4     0   -82.00     6  1004.00   190.68    57.69    22.02     0.81  8308.00  6356.00
   13     7   100     4     0   -82.00     6  1005.00   201.39    62.01    21.72     0.81  8523.00  6713.00
   13     7   100     4     0   -82.00     6  1006.00   200.67    60.00    20.25     0.81  8563.00  6689.00
   13     7   100     4     0   -82.00     6  1007.00   200.88    57.87    17.88     0.79  8392.00  6696.00
   13     7   100     4     0   -82.00     6  1008.00   192.57    56.88    21.00     0.80  8135.00  6419.00
   13     7   100     4     0   -82.00     6  1009.00   190.65    53.49    18.90     0.79  8166.00  6355.00
