   10    10    20     4     0   -82.00     6  1000.00   134.46    56.94    26.28     0.97  4929.00  4482.00
   10    10    20     4     0   -82.00     6  1001.00   132.06    53.40    22.35     0.95  4884.00  4402.00
   10    10    20     4     0   -82.00     6  1002.00   134.46    55.74    24.54     0.96  4876.00  4482.00
   10    10    20     4     0   -82.00     6  1003.00   128.61    48.96    21.27     0.93  4892.00  4287.00
   10    10    20     4     0   -82.00     6  1004.00   131.88    54.00    24.54     0.96  4930.00  4396.00
   10    10    20     4     0   -82.00     6  1005.00   140.76    60.27    24.00     0.95  4909.00  4692.00
   10    10    20     4     0   -82.00     6  1006.00   138.96    61.92    29.04     0.98  4958.00  4632.00
   10    10    20     4     0   -82.00     6  1007.00   132.21    51.00    21.09     0.93  4849.00  4407.00
   10    10    20     4     0   -82.00     6  1008.00   134.79    57.21    24.87     0.97  4871.00  4493.00
   10    10    20     4     0   -82.00     6  1009.00   133.80    52.38    20.73     0.93  4869.00  4460.00
   10    10    60     4     0   -82.00     6  1000.00   169.92    53.34    14.82     0.83  6716.00  5664.00
   10    10    60     4     0   -82.00     6  1001.00   164.97    54.27    19.53     0.85  6763.00  5499.00
   10    10    60     4     0   -82.00     6  1002.00   159.81    50.76    15.93     0.83  6558.00  5327.00
   10    10    60     4     0   -82.00     6  1003.00   158.07    45.84    17.52     0.81  6499.00  5269.00
   10    10    60     4     0   -82.00     6  1004.00   156.99    50.85    19.05     0.85  6536.00  5233.00
   10    10    60     4     0   -82.00     6  1005.00   167.76    53.52    17.49     0.84  6756.00  5592.00
   10    10    60     4     0   -82.00     6  1006.00   162.90    53.85    17.37     0.85  6732.00  5430.00
   10    10    60     4     0   -82.00     6  1007.00   156.75    51.75    19.08     0.85  6598.00  5225.00
   10    10    60     4     0   -82.00     6  1008.00   160.14    47.79    16.23     0.82  6599.00  5338.00
   10    10    60     4     0   -82.00     6  1009.00   151.68    48.15    17.37     0.84  6445.00  5056.00
   10    10   100     4     0   -82.00     6  1000.00   179.88    45.48    14.82     0.74  7788.00  5996.00
   10    10   100     4     0   -82.00     6  1001.00   172.08    44.82    14.04     0.75  7733.00  5736.00
   10    10   100     4     0   -82.00     6  1002.00   169.68    37.20    10.56     0.70  7642.00  5656.00
   10    10   100     4     0   -82.00     6  1003.00   171.06    39.96    11.01     0.71  7616.00  5702.00
   10    10   100     4     0   -82.00     6  1004.00   176.40    44.22    13.02     0.73  7779.00  5880.00
   10    10   100     4     0   -82.00     6  1005.00   174.63    44.85    12.00     0.75  7739.00  5821.00
   10    10   100     4     0   -82.00     6  1006.00   177.69    51.96    18.87     0.79  8017.00  5923.00
   10    10   100     4     0   -82.00     6  1007.00   166.17    47.31    15.72     0.76  7725.00  5539.00
   10    10   100     4     0   -82.00     6  1008.00   166.86    40.98    12.30     0.72  7589.00  5562.00
   10    10   100     4     0   -82.00     6  1009.00   175.53    40.89    10.50     0.71  7676.00  5851.00
   10    10   140     4     0   -82.00     6  1000.00   183.75    43.74    13.20     0.67  8523.00  6125.00
   10    10   140     4     0   -82.00     6  1001.00   173.55    40.74    11.28     0.68  8528.00  5785.00
   10    10   140     4     0   -82.00     6  1002.00   177.81    39.51    12.15     0.66  8396.00  5927.00
   10    10   140     4     0   -82.00     6  1003.00   189.33    38.82     9.99     0.64  8683.00  6311.00
   10    10   140     4     0   -82.00     6  1004.00   187.41    39.12    10.56     0.66  8851.00  6247.00
   10    10   140     4     0   -82.00     6  1005.00   183.78    41.73    11.40     0.68  8625.00  6126.00
   10    10   140     4     0   -82.00     6  1006.00   183.03    41.43    11.07     0.68  8619.00  6101.00
   10    10   140     4     0   -82.00     6  1007.00   175.80    46.02    14.88     0.71  8537.00  5860.00
   10    10   140     4     0   -82.00     6  1008.00   180.42    39.42     9.12     0.67  8523.00  6014.00
   10    10   140     4     0   -82.00     6  1009.00   181.02    36.69     9.33     0.65  8596.00  6034.00
   10    10   180     4     0   -82.00     6  1000.00   197.22    42.39    12.54     0.63  9402.00  6574.00
   10    10   180     4     0   -82.00     6  1001.00   182.73    32.79     7.29     0.59  9115.00  6091.00
   10    10   180     4     0   -82.00     6  1002.00   195.87    36.48     7.68     0.61  9424.00  6529.00
   10    10   180     4     0   -82.00     6  1003.00   193.29    39.24    10.08     0.62  9314.00  6443.00
   10    10   180     4     0   -82.00     6  1004.00   191.43    35.94     7.56     0.61  9451.00  6381.00
   10    10   180     4     0   -82.00     6  1005.00   182.70    33.72     6.96     0.60  9076.00  6090.00
   10    10   180     4     0   -82.00     6  1006.00   187.23    42.99    11.67     0.65  9411.00  6241.00
   10    10   180     4     0   -82.00     6  1007.00   179.61    39.42    11.31     0.64  9124.00  5987.00
   10    10   180     4     0   -82.00     6  1008.00   186.96    37.20     7.53     0.62  9310.00  6232.00
   10    10   180     4     0   -82.00     6  1009.00   194.25    35.31     7.20     0.60  9491.00  6475.00
   10    10   220     4     0   -82.00     6  1000.00   195.93    37.47     8.22     0.56  9753.00  6531.00
   10    10   220     4     0   -82.00     6  1001.00   185.55    32.04     7.68     0.54  9613.00  6185.00
   10    10   220     4     0   -82.00     6  1002.00   198.24    35.67     7.89     0.58  9986.00  6608.00
   10    10   220     4     0   -82.00     6  1003.00   201.12    36.96     9.00     0.58  9997.00  6704.00
   10    10   220     4     0   -82.00     6  1004.00   198.27    35.52     8.76     0.57 10102.00  6609.00
   10    10   220     4     0   -82.00     6  1005.00   185.91    29.34     6.51     0.53  9486.00  6197.00
   10    10   220     4     0   -82.00     6  1006.00   194.07    35.88     8.40     0.56  9966.00  6469.00
   10    10   220     4     0   -82.00     6  1007.00   190.59    35.22     7.83     0.58  9879.00  6353.00
   10    10   220     4     0   -82.00     6  1008.00   185.31    34.20     7.77     0.57  9656.00  6177.00
   10    10   220     4     0   -82.00     6  1009.00   197.10    33.12     7.56     0.58 10068.00  6570.00
   10    10   260     4     0   -82.00     6  1000.00   199.98    32.67     7.14     0.52 10267.00  6666.00
   10    10   260     4     0   -82.00     6  1001.00   189.96    32.73     7.68     0.54 10213.00  6332.00
   10    10   260     4     0   -82.00     6  1002.00   192.96    30.87     5.85     0.52 10083.00  6432.00
   10    10   260     4     0   -82.00     6  1003.00   202.26    33.33     6.93     0.53 10248.00  6742.00
   10    10   260     4     0   -82.00     6  1004.00   199.29    31.32     6.36     0.52 10386.00  6643.00
   10    10   260     4     0   -82.00     6  1005.00   191.91    29.13     5.97     0.50  9993.00  6397.00
   10    10   260     4     0   -82.00     6  1006.00   197.46    31.68     5.97     0.52 10504.00  6582.00
   10    10   260     4     0   -82.00     6  1007.00   190.68    30.06     5.64     0.51 10127.00  6356.00
   10    10   260     4     0   -82.00     6  1008.00   190.38    32.73     8.19     0.55 10037.00  6346.00
   10    10   260     4     0   -82.00     6  1009.00   202.32    31.59     6.69     0.53 10412.00  6744.00
   10    10   300     4     0   -82.00     6  1000.00   210.00    34.56     6.75     0.50 10993.00  7000.00
   10    10   300     4     0   -82.00     6  1001.00   194.04    26.13     5.07     0.49 10610.00  6468.00
   10    10   300     4     0   -82.00     6  1002.00   201.36    30.36     7.26     0.49 10696.00  6712.00
   10    10   300     4     0   -82.00     6  1003.00   201.54    34.14     7.65     0.53 10578.00  6718.00
   10    10   300     4     0   -82.00     6  1004.00   202.62    29.46     5.82     0.49 10789.00  6754.00
   10    10   300     4     0   -82.00     6  1005.00   199.95    30.42     5.55     0.48 10586.00  6665.00
   10    10   300     4     0   -82.00     6  1006.00   205.74    31.35     7.11     0.48 10973.00  6858.00
   10    10   300     4     0   -82.00     6  1007.00   192.96    29.13     6.39     0.50 10499.00  6432.00
   10    10   300     4     0   -82.00     6  1008.00   188.10    27.54     5.07     0.50 10291.00  6270.00
   10    10   300     4     0   -82.00     6  1009.00   200.28    30.42     6.54     0.52 10727.00  6676.00
   10    10   340     4     0   -82.00     6  1000.00   214.23    32.16     6.36     0.47 11455.00  7141.00
   10    10   340     4     0   -82.00     6  1001.00   200.10    27.78     4.86     0.47 10875.00  6670.00
   10    10   340     4     0   -82.00     6  1002.00   199.89    29.94     6.09     0.47 10922.00  6663.00
   10    10   340     4     0   -82.00     6  1003.00   198.15    28.74     5.40     0.50 10875.00  6605.00
   10    10   340     4     0   -82.00     6  1004.00   198.99    27.06     5.22     0.46 10765.00  6633.00
   10    10   340     4     0   -82.00     6  1005.00   198.45    28.05     6.36     0.46 10842.00  6615.00
   10    10   340     4     0   -82.00     6  1006.00   210.54    28.74     5.10     0.46 11265.00  7018.00
   10    10   340     4     0   -82.00     6  1007.00   196.83    33.42     7.50     0.48 10910.00  6561.00
   10    10   340     4     0   -82.00     6  1008.00   194.58    30.54     5.97     0.50 10815.00  6486.00
   10    10   340     4     0   -82.00     6  1009.00   203.52    26.04     4.77     0.47 10941.00  6784.00
   10    10   380     4     0   -82.00     6  1000.00   207.03    29.22     5.64     0.45 11340.00  6901.00
   10    10   380     4     0   -82.00     6  1001.00   202.41    27.51     5.55     0.42 11174.00  6747.00
   10    10   380     4     0   -82.00     6  1002.00   196.80    26.85     4.14     0.44 10993.00  6560.00
   10    10   380     4     0   -82.00     6  1003.00   203.34    29.37     3.69     0.50 11391.00  6778.00
   10    10   380     4     0   -82.00     6  1004.00   198.21    25.11     4.05     0.41 10908.00  6607.00
   10    10   380     4     0   -82.00     6  1005.00   204.63    25.47     4.14     0.42 11186.00  6821.00
   10    10   380     4     0   -82.00     6  1006.00   210.99    29.55     6.30     0.44 11594.00  7033.00
   10    10   380     4     0   -82.00     6  1007.00   202.65    29.97     6.18     0.44 11255.00  6755.00
   10    10   380     4     0   -82.00     6  1008.00   199.08    25.38     4.26     0.46 11017.00  6636.00
   10    10   380     4     0   -82.00     6  1009.00   205.89    23.07     3.30     0.44 11412.00  6863.00
   10    10   420     4     0   -82.00     6  1000.00   211.83    30.15     5.73     0.40 11597.00  7061.00
   10    10   420     4     0   -82.00     6  1001.00   197.85    26.07     4.20     0.40 11248.00  6595.00
   10    10   420     4     0   -82.00     6  1002.00   201.18    25.44     4.50     0.43 11382.00  6706.00
   10    10   420     4     0   -82.00     6  1003.00   203.61    25.74     4.11     0.45 11469.00  6787.00
   10    10   420     4     0   -82.00     6  1004.00   204.39    21.54     3.36     0.40 11365.00  6813.00
   10    10   420     4     0   -82.00     6  1005.00   204.87    24.57     4.41     0.41 11429.00  6829.00
   10    10   420     4     0   -82.00     6  1006.00   213.09    29.37     4.68     0.41 11846.00  7103.00
   10    10   420     4     0   -82.00     6  1007.00   205.92    30.33     6.81     0.43 11644.00  6864.00
   10    10   420     4     0   -82.00     6  1008.00   201.69    25.80     4.95     0.43 11328.00  6723.00
   10    10   420     4     0   -82.00     6  1009.00   209.07    24.87     4.26     0.42 11529.00  6969.00
   10    10   460     4     0   -82.00     6  1000.00   212.58    31.14     7.17     0.41 11903.00  7086.00
   10    10   460     4     0   -82.00     6  1001.00   200.79    24.15     3.18     0.41 11542.00  6693.00
   10    10   460     4     0   -82.00     6  1002.00   201.27    22.38     3.24     0.42 11440.00  6709.00
   10    10   460     4     0   -82.00     6  1003.00   211.38    22.44     3.30     0.42 12030.00  7046.00
   10    10   460     4     0   -82.00     6  1004.00   201.93    21.30     3.21     0.38 11529.00  6731.00
   10    10   460     4     0   -82.00     6  1005.00   200.16    24.60     3.24     0.42 11519.00  6672.00
   10    10   460     4     0   -82.00     6  1006.00   216.00    26.73     4.05     0.41 12085.00  7200.00
   10    10   460     4     0   -82.00     6  1007.00   204.42    26.07     3.54     0.44 11585.00  6814.00
   10    10   460     4     0   -82.00     6  1008.00   198.03    25.95     5.19     0.42 11541.00  6601.00
   10    10   460     4     0   -82.00     6  1009.00   207.78    23.82     3.51     0.40 11666.00  6926.00
   10    10   500     4     0   -82.00     6  1000.00   219.66    27.63     4.68     0.36 12014.00  7322.00
   10    10   500     4     0   -82.00     6  1001.00   194.88    24.54     4.32     0.40 11525.00  6496.00
   10    10   500     4     0   -82.00     6  1002.00   204.48    22.29     3.15     0.40 11798.00  6816.00
   10    10   500     4     0   -82.00     6  1003.00   214.02    23.22     3.24     0.40 12239.00  7134.00
   10    10   500     4     0   -82.00     6  1004.00   198.33    24.15     4.53     0.39 11863.00  6611.00
   10    10   500     4     0   -82.00     6  1005.00   203.91    25.74     4.11     0.41 11750.00  6797.00
   10    10   500     4     0   -82.00     6  1006.00   213.96    26.46     4.17     0.39 12228.00  7132.00
   10    10   500     4     0   -82.00     6  1007.00   207.84    25.44     4.11     0.41 11961.00  6928.00
   10    10   500     4     0   -82.00     6  1008.00   196.77    24.18     2.79     0.38 11570.00  6559.00
   10    10   500     4     0   -82.00     6  1009.00   209.04    21.66     3.84     0.39 11982.00  6968.00
