   10    10   100     1     0   -82.00     6  1000.00    56.31     4.08     0.75     0.32  2834.00  1877.00
   10    10   100     1     0   -82.00     6  1001.00    49.32     3.45     0.57     0.37  2797.00  1644.00
   10    10   100     1     0   -82.00     6  1002.00    53.25     3.48     0.48     0.29  2835.00  1775.00
   10    10   100     1     0   -82.00     6  1003.00    53.64     3.39     0.27     0.30  2811.00  1788.00
   10    10   100     1     0   -82.00     6  1004.00    53.85     4.71     0.69     0.34  2774.00  1795.00
   10    10   100     1     0   -82.00     6  1005.00    51.51     4.20     0.51     0.34  2774.00  1717.00
   10    10   100     1     0   -82.00     6  1006.00    53.58     5.40     0.87     0.36  2976.00  1786.00
   10    10   100     1     0   -82.00     6  1007.00    51.57     2.52     0.30     0.30  2792.00  1719.00
   10    10   100     1     0   -82.00     6  1008.00    51.21     4.38     0.60     0.31  2736.00  1707.00
   10    10   100     1     0   -82.00     6  1009.00    55.65     3.33     0.78     0.29  2780.00  1855.00
   10    10   100     2     0   -82.00     6  1000.00   102.51    15.84     3.63     0.52  4802.00  3417.00
   10    10   100     2     0   -82.00     6  1001.00    94.08    16.11     3.18     0.53  4776.00  3136.00
   10    10   100     2     0   -82.00     6  1002.00    93.51    13.02     2.46     0.50  4661.00  3117.00
   10    10   100     2     0   -82.00     6  1003.00    96.45    12.99     2.82     0.50  4709.00  3215.00
   10    10   100     2     0   -82.00     6  1004.00   100.02    14.88     2.58     0.53  4842.00  3334.00
   10    10   100     2     0   -82.00     6  1005.00    96.90    18.03     4.11     0.57  4746.00  3230.00
   10    10   100     2     0   -82.00     6  1006.00    98.61    15.15     4.17     0.52  4859.00  3287.00
   10    10   100     2     0   -82.00     6  1007.00    91.83    14.82     2.31     0.52  4685.00  3061.00
   10    10   100     2     0   -82.00     6  1008.00    89.97    15.72     3.00     0.54  4589.00  2999.00
   10    10   100     2     0   -82.00     6  1009.00    95.97    13.68     2.46     0.52  4778.00  3199.00
   10    10   100     3     0   -82.00     6  1000.00   139.65    28.95     7.08     0.64  6313.00  4655.00
   10    10   100     3     0   -82.00     6  1001.00   133.80    31.47     9.09     0.67  6460.00  4460.00
   10    10   100     3     0   -82.00     6  1002.00   131.40    24.96     6.42     0.62  6251.00  4380.00
   10    10   100     3     0   -82.00     6  1003.00   135.93    28.05     7.44     0.64  6336.00  4531.00
   10    10   100     3     0   -82.00     6  1004.00   139.32    31.80     8.82     0.68  6479.00  4644.00
   10    10   100     3     0   -82.00     6  1005.00   138.93    31.59     9.78     0.70  6527.00  4631.00
   10    10   100     3     0   -82.00     6  1006.00   139.53    32.40    10.23     0.69  6617.00  4651.00
   10    10   100     3     0   -82.00     6  1007.00   129.00    34.14    10.86     0.70  6405.00  4300.00
   10    10   100     3     0   -82.00     6  1008.00   130.17    29.28     9.48     0.67  6143.00  4339.00
   10    10   100     3     0   -82.00     6  1009.00   133.11    28.35     7.41     0.66  6259.00  4437.00
   10    10   100     4     0   -82.00     6  1000.00   179.88    45.48    14.82     0.74  7788.00  5996.00
   10    10   100     4     0   -82.00     6  1001.00   172.08    44.82    14.04     0.75  7733.00  5736.00
   10    10   100     4     0   -82.00     6  1002.00   169.68    37.20    10.56     0.70  7642.00  5656.00
   10    10   100     4     0   -82.00     6  1003.00   171.06    39.96    11.01     0.71  7616.00  5702.00
   10    10   100     4     0   -82.00     6  1004.00   176.40    44.22    13.02     0.73  7779.00  5880.00
   10    10   100     4     0   -82.00     6  1005.00   174.63    44.85    12.00     0.75  7739.00  5821.00
   10    10   100     4     0   -82.00     6  1006.00   177.69    51.96    18.87     0.79  8017.00  5923.00
   10    10   100     4     0   -82.00     6  1007.00   166.17    47.31    15.72     0.76  7725.00  5539.00
   10    10   100     4     0   -82.00     6  1008.00   166.86    40.98    12.30     0.72  7589.00  5562.00
   10    10   100     4     0   -82.00     6  1009.00   175.53    40.89    10.50     0.71  7676.00  5851.00
   10    10   100     5     0   -82.00     6  1000.00   216.63    63.96    21.96     0.81  9207.00  7221.00
   10    10   100     5     0   -82.00     6  1001.00   204.84    58.11    18.21     0.78  8998.00  6828.00
   10    10   100     5     0   -82.00     6  1002.00   202.20    58.05    18.93     0.79  8976.00  6740.00
   10    10   100     5     0   -82.00     6  1003.00   207.75    61.98    19.44     0.80  8980.00  6925.00
   10    10   100     5     0   -82.00     6  1004.00   213.66    60.99    19.17     0.79  9108.00  7122.00
   10    10   100     5     0   -82.00     6  1005.00   212.46    58.11    19.50     0.78  9111.00  7082.00
   10    10   100     5     0   -82.00     6  1006.00   211.74    64.98    23.10     0.81  9164.00  7058.00
   10    10   100     5     0   -82.00     6  1007.00   200.52    60.39    21.63     0.80  8953.00  6684.00
   10    10   100     5     0   -82.00     6  1008.00   201.60    57.24    19.35     0.78  8881.00  6720.00
   10    10   100     5     0   -82.00     6  1009.00   209.43    58.89    17.91     0.77  8884.00  6981.00
   10    10   100     6     0   -82.00     6  1000.00   252.60    79.41    26.70     0.84 10301.00  8420.00
   10    10   100     6     0   -82.00     6  1001.00   239.85    74.52    28.11     0.83 10243.00  7995.00
   10    10   100     6     0   -82.00     6  1002.00   231.60    68.70    23.22     0.80  9919.00  7720.00
   10    10   100     6     0   -82.00     6  1003.00   236.97    70.38    23.22     0.81 10081.00  7899.00
   10    10   100     6     0   -82.00     6  1004.00   249.48    78.78    27.90     0.85 10268.00  8316.00
   10    10   100     6     0   -82.00     6  1005.00   252.15    82.86    30.00     0.86 10532.00  8405.00
   10    10   100     6     0   -82.00     6  1006.00   252.48    86.79    32.13     0.87 10581.00  8416.00
   10    10   100     6     0   -82.00     6  1007.00   230.91    77.07    28.89     0.86 10050.00  7697.00
   10    10   100     6     0   -82.00     6  1008.00   230.37    70.71    25.74     0.83  9941.00  7679.00
   10    10   100     6     0   -82.00     6  1009.00   237.75    72.03    24.30     0.82 10096.00  7925.00
   10    10   100     7     0   -82.00     6  1000.00   283.14    98.07    37.80     0.88 11407.00  9438.00
   10    10   100     7     0   -82.00     6  1001.00   272.64    87.30    28.11     0.84 11346.00  9088.00
   10    10   100     7     0   -82.00     6  1002.00   266.10    82.59    26.19     0.82 11155.00  8870.00
   10    10   100     7     0   -82.00     6  1003.00   267.96    86.22    32.46     0.85 11244.00  8932.00
   10    10   100     7     0   -82.00     6  1004.00   272.22    85.77    29.85     0.83 11027.00  9074.00
   10    10   100     7     0   -82.00     6  1005.00   285.24    94.74    35.85     0.86 11599.00  9508.00
   10    10   100     7     0   -82.00     6  1006.00   274.20    91.14    35.13     0.87 11385.00  9140.00
   10    10   100     7     0   -82.00     6  1007.00   269.97    92.28    36.03     0.88 11434.00  8999.00
   10    10   100     7     0   -82.00     6  1008.00   272.49    87.24    30.69     0.85 11219.00  9083.00
   10    10   100     7     0   -82.00     6  1009.00   270.48    91.59    32.10     0.86 11195.00  9016.00
   10    10   100     8     0   -82.00     6  1000.00   322.08   109.35    38.88     0.87 12601.00 10736.00
   10    10   100     8     0   -82.00     6  1001.00   310.71   111.78    43.44     0.90 12600.00 10357.00
   10    10   100     8     0   -82.00     6  1002.00   291.42    95.10    31.14     0.85 12167.00  9714.00
   10    10   100     8     0   -82.00     6  1003.00   308.04   106.14    41.79     0.88 12500.00 10268.00
   10    10   100     8     0   -82.00     6  1004.00   312.24   103.29    35.49     0.86 12437.00 10408.00
   10    10   100     8     0   -82.00     6  1005.00   316.08   115.26    44.85     0.90 12704.00 10536.00
   10    10   100     8     0   -82.00     6  1006.00   313.80   110.01    42.57     0.88 12579.00 10460.00
   10    10   100     8     0   -82.00     6  1007.00   297.18   105.12    40.59     0.89 12460.00  9906.00
   10    10   100     8     0   -82.00     6  1008.00   301.65   102.69    36.51     0.87 12324.00 10055.00
   10    10   100     8     0   -82.00     6  1009.00   297.42   100.05    37.95     0.87 12281.00  9914.00
   10    10   100     9     0   -82.00     6  1000.00   351.63   130.56    46.41     0.90 13580.00 11721.00
   10    10   100     9     0   -82.00     6  1001.00   341.58   126.03    48.09     0.90 13721.00 11386.00
   10    10   100     9     0   -82.00     6  1002.00   326.70   111.99    39.30     0.86 13286.00 10890.00
   10    10   100     9     0   -82.00     6  1003.00   340.68   122.73    44.31     0.89 13767.00 11356.00
   10    10   100     9     0   -82.00     6  1004.00   342.12   116.61    42.42     0.86 13433.00 11404.00
   10    10   100     9     0   -82.00     6  1005.00   353.85   133.14    53.70     0.91 13909.00 11795.00
   10    10   100     9     0   -82.00     6  1006.00   346.44   132.09    54.24     0.92 13860.00 11548.00
   10    10   100     9     0   -82.00     6  1007.00   331.32   118.95    47.55     0.90 13518.00 11044.00
   10    10   100     9     0   -82.00     6  1008.00   333.42   116.16    43.89     0.89 13475.00 11114.00
   10    10   100     9     0   -82.00     6  1009.00   333.27   113.97    38.97     0.87 13383.00 11109.00
