   10    10    20     4     2   -82.00     6  1000.00   228.18    62.91    25.14     0.71  8200.00  7606.00
   10    10    20     4     2   -82.00     6  1001.00   172.17    59.61    24.27     0.73  6200.00  5739.00
   10    10    20     4     2   -82.00     6  1002.00   241.29    59.07    25.89     0.64  8509.00  8043.00
   10    10    20     4     2   -82.00     6  1003.00   155.04    53.49    24.90     0.85  5784.00  5168.00
   10    10    20     4     2   -82.00     6  1004.00   196.47    58.92    26.04     0.72  7075.00  6549.00
   10    10    20     4     2   -82.00     6  1005.00   239.01    72.87    27.18     0.78  8243.00  7967.00
   10    10    20     4     2   -82.00     6  1006.00   170.88    64.98    29.01     0.87  6101.00  5696.00
   10    10    20     4     2   -82.00     6  1007.00   157.17    52.65    21.54     0.84  5671.00  5239.00
   10    10    20     4     2   -82.00     6  1008.00   163.68    57.99    24.42     0.87  5881.00  5456.00
   10    10    20     4     2   -82.00     6  1009.00   179.31    55.59    22.05     0.79  6428.00  5977.00
   10    10    60     4     2   -82.00     6  1000.00   305.82    57.39    18.87     0.59 11378.00 10194.00
   10    10    60     4     2   -82.00     6  1001.00   229.59    53.97    18.78     0.68  9028.00  7653.00
   10    10    60     4     2   -82.00     6  1002.00   247.50    56.31    17.25     0.61  9659.00  8250.00
   10    10    60     4     2   -82.00     6  1003.00   253.38    57.93    19.74     0.61  9874.00  8446.00
   10    10    60     4     2   -82.00     6  1004.00   265.47    57.24    16.92     0.63 10382.00  8849.00
   10    10    60     4     2   -82.00     6  1005.00   252.72    66.00    21.96     0.66  9797.00  8424.00
   10    10    60     4     2   -82.00     6  1006.00   245.64    61.08    20.04     0.63  9675.00  8188.00
   10    10    60     4     2   -82.00     6  1007.00   211.11    53.22    17.91     0.66  8428.00  7037.00
   10    10    60     4     2   -82.00     6  1008.00   247.05    55.02    19.77     0.54  9621.00  8235.00
   10    10    60     4     2   -82.00     6  1009.00   233.85    51.96    18.66     0.58  9277.00  7795.00
   10    10   100     4     2   -82.00     6  1000.00   279.72    50.22    15.27     0.53 11354.00  9324.00
   10    10   100     4     2   -82.00     6  1001.00   236.13    49.41    14.67     0.57 10068.00  7871.00
   10    10   100     4     2   -82.00     6  1002.00   240.30    42.57    10.98     0.54 10365.00  8010.00
   10    10   100     4     2   -82.00     6  1003.00   253.23    45.75    13.50     0.46 10578.00  8441.00
   10    10   100     4     2   -82.00     6  1004.00   281.49    51.33    13.08     0.53 11612.00  9383.00
   10    10   100     4     2   -82.00     6  1005.00   250.98    50.34    15.54     0.57 10624.00  8366.00
   10    10   100     4     2   -82.00     6  1006.00   271.65    54.36    16.86     0.53 11459.00  9055.00
   10    10   100     4     2   -82.00     6  1007.00   231.21    46.47    15.06     0.56  9976.00  7707.00
   10    10   100     4     2   -82.00     6  1008.00   243.33    47.07    15.90     0.47 10344.00  8111.00
   10    10   100     4     2   -82.00     6  1009.00   258.48    48.06    13.80     0.52 10735.00  8616.00
   10    10   140     4     2   -82.00     6  1000.00   273.60    47.91    15.12     0.49 11894.00  9120.00
   10    10   140     4     2   -82.00     6  1001.00   240.57    45.66    12.18     0.52 10898.00  8019.00
   10    10   140     4     2   -82.00     6  1002.00   248.94    37.50     8.85     0.47 10946.00  8298.00
   10    10   140     4     2   -82.00     6  1003.00   269.79    42.00     9.18     0.49 11685.00  8993.00
   10    10   140     4     2   -82.00     6  1004.00   276.15    44.22    11.22     0.54 12319.00  9205.00
   10    10   140     4     2   -82.00     6  1005.00   256.29    46.77    12.90     0.53 11284.00  8543.00
   10    10   140     4     2   -82.00     6  1006.00   259.08    49.95    15.27     0.51 11598.00  8636.00
   10    10   140     4     2   -82.00     6  1007.00   233.88    46.47    13.83     0.54 10797.00  7796.00
   10    10   140     4     2   -82.00     6  1008.00   259.62    41.49    10.59     0.47 11415.00  8654.00
   10    10   140     4     2   -82.00     6  1009.00   255.03    42.06     9.03     0.48 11331.00  8501.00
   10    10   180     4     2   -82.00     6  1000.00   281.97    43.14    11.19     0.42 12554.00  9399.00
   10    10   180     4     2   -82.00     6  1001.00   256.41    34.56     8.49     0.46 11945.00  8547.00
   10    10   180     4     2   -82.00     6  1002.00   270.06    37.50     8.76     0.46 12279.00  9002.00
   10    10   180     4     2   -82.00     6  1003.00   270.18    41.31     9.03     0.47 12214.00  9006.00
   10    10   180     4     2   -82.00     6  1004.00   276.39    36.36     7.35     0.46 12654.00  9213.00
   10    10   180     4     2   -82.00     6  1005.00   250.98    38.31    10.47     0.48 11786.00  8366.00
   10    10   180     4     2   -82.00     6  1006.00   249.78    42.03    11.55     0.49 11877.00  8326.00
   10    10   180     4     2   -82.00     6  1007.00   242.58    38.97     8.43     0.50 11594.00  8086.00
   10    10   180     4     2   -82.00     6  1008.00   271.26    38.79     9.06     0.46 12443.00  9042.00
   10    10   180     4     2   -82.00     6  1009.00   271.02    37.32     9.36     0.45 12457.00  9034.00
   10    10   220     4     2   -82.00     6  1000.00   273.24    41.31    10.62     0.38 12678.00  9108.00
   10    10   220     4     2   -82.00     6  1001.00   253.92    34.32     7.20     0.40 12365.00  8464.00
   10    10   220     4     2   -82.00     6  1002.00   277.56    32.16     6.72     0.42 12758.00  9252.00
   10    10   220     4     2   -82.00     6  1003.00   276.45    40.50     8.88     0.44 12805.00  9215.00
   10    10   220     4     2   -82.00     6  1004.00   284.55    38.64     7.95     0.42 13415.00  9485.00
   10    10   220     4     2   -82.00     6  1005.00   257.19    37.44     8.07     0.43 12279.00  8573.00
   10    10   220     4     2   -82.00     6  1006.00   251.97    38.01     9.27     0.46 12297.00  8399.00
   10    10   220     4     2   -82.00     6  1007.00   265.47    41.73    10.29     0.45 12982.00  8849.00
   10    10   220     4     2   -82.00     6  1008.00   260.67    40.98     9.24     0.41 12527.00  8689.00
   10    10   220     4     2   -82.00     6  1009.00   281.70    31.53     6.36     0.43 13123.00  9390.00
   10    10   260     4     2   -82.00     6  1000.00   284.67    39.42     9.81     0.35 13508.00  9489.00
   10    10   260     4     2   -82.00     6  1001.00   259.68    32.73     6.12     0.36 12805.00  8656.00
   10    10   260     4     2   -82.00     6  1002.00   265.29    33.45     6.30     0.38 12744.00  8843.00
   10    10   260     4     2   -82.00     6  1003.00   270.06    34.26     7.71     0.40 12973.00  9002.00
   10    10   260     4     2   -82.00     6  1004.00   279.33    35.88     7.59     0.38 13569.00  9311.00
   10    10   260     4     2   -82.00     6  1005.00   261.24    31.20     6.24     0.37 12668.00  8708.00
   10    10   260     4     2   -82.00     6  1006.00   258.78    33.72     7.95     0.41 12908.00  8626.00
   10    10   260     4     2   -82.00     6  1007.00   252.90    38.49     9.60     0.40 12720.00  8430.00
   10    10   260     4     2   -82.00     6  1008.00   273.81    36.78     8.64     0.38 13267.00  9127.00
   10    10   260     4     2   -82.00     6  1009.00   278.25    32.01     5.94     0.41 13387.00  9275.00
   10    10   300     4     2   -82.00     6  1000.00   288.90    34.77     7.26     0.34 13908.00  9630.00
   10    10   300     4     2   -82.00     6  1001.00   259.17    30.12     5.88     0.34 13115.00  8639.00
   10    10   300     4     2   -82.00     6  1002.00   266.25    28.74     4.65     0.36 13133.00  8875.00
   10    10   300     4     2   -82.00     6  1003.00   272.40    31.11     6.96     0.39 13287.00  9080.00
   10    10   300     4     2   -82.00     6  1004.00   280.41    32.07     6.60     0.33 13777.00  9347.00
   10    10   300     4     2   -82.00     6  1005.00   273.78    32.01     8.25     0.33 13522.00  9126.00
   10    10   300     4     2   -82.00     6  1006.00   272.01    25.20     4.44     0.37 13584.00  9067.00
   10    10   300     4     2   -82.00     6  1007.00   267.36    32.46     6.48     0.37 13545.00  8912.00
   10    10   300     4     2   -82.00     6  1008.00   249.39    29.25     4.29     0.38 12841.00  8313.00
   10    10   300     4     2   -82.00     6  1009.00   277.11    29.70     5.82     0.37 13705.00  9237.00
   10    10   340     4     2   -82.00     6  1000.00   281.43    33.42     6.81     0.32 14002.00  9381.00
   10    10   340     4     2   -82.00     6  1001.00   262.77    27.00     4.56     0.33 13395.00  8759.00
   10    10   340     4     2   -82.00     6  1002.00   259.65    28.62     5.25     0.35 13265.00  8655.00
   10    10   340     4     2   -82.00     6  1003.00   261.99    30.96     6.54     0.38 13394.00  8733.00
   10    10   340     4     2   -82.00     6  1004.00   277.59    30.78     5.88     0.31 13837.00  9253.00
   10    10   340     4     2   -82.00     6  1005.00   273.75    25.98     4.14     0.31 13671.00  9125.00
   10    10   340     4     2   -82.00     6  1006.00   273.66    29.37     5.88     0.35 13731.00  9122.00
   10    10   340     4     2   -82.00     6  1007.00   268.86    33.48     6.66     0.33 13670.00  8962.00
   10    10   340     4     2   -82.00     6  1008.00   254.52    29.67     6.00     0.37 13133.00  8484.00
   10    10   340     4     2   -82.00     6  1009.00   270.36    27.06     5.61     0.36 13707.00  9012.00
   10    10   380     4     2   -82.00     6  1000.00   276.39    32.28     6.93     0.32 14141.00  9213.00
   10    10   380     4     2   -82.00     6  1001.00   270.06    24.48     3.78     0.30 13776.00  9002.00
   10    10   380     4     2   -82.00     6  1002.00   259.92    26.04     4.95     0.31 13377.00  8664.00
   10    10   380     4     2   -82.00     6  1003.00   263.52    28.71     3.90     0.37 13763.00  8784.00
   10    10   380     4     2   -82.00     6  1004.00   278.01    26.52     4.95     0.27 14070.00  9267.00
   10    10   380     4     2   -82.00     6  1005.00   277.08    26.16     4.53     0.31 14182.00  9236.00
   10    10   380     4     2   -82.00     6  1006.00   275.88    32.94     6.27     0.35 14169.00  9196.00
   10    10   380     4     2   -82.00     6  1007.00   270.27    33.75     7.08     0.32 14070.00  9009.00
   10    10   380     4     2   -82.00     6  1008.00   255.66    24.78     4.92     0.33 13388.00  8522.00
   10    10   380     4     2   -82.00     6  1009.00   280.92    26.76     3.90     0.33 14451.00  9364.00
   10    10   420     4     2   -82.00     6  1000.00   277.65    30.51     6.30     0.30 14324.00  9255.00
   10    10   420     4     2   -82.00     6  1001.00   253.80    26.25     4.74     0.29 13569.00  8460.00
   10    10   420     4     2   -82.00     6  1002.00   261.18    27.60     4.17     0.31 13696.00  8706.00
   10    10   420     4     2   -82.00     6  1003.00   275.04    27.96     4.95     0.33 14341.00  9168.00
   10    10   420     4     2   -82.00     6  1004.00   273.51    26.37     4.50     0.28 14260.00  9117.00
   10    10   420     4     2   -82.00     6  1005.00   271.08    23.61     3.51     0.29 14015.00  9036.00
   10    10   420     4     2   -82.00     6  1006.00   281.61    24.09     3.84     0.32 14541.00  9387.00
   10    10   420     4     2   -82.00     6  1007.00   272.73    27.93     4.62     0.32 14335.00  9091.00
   10    10   420     4     2   -82.00     6  1008.00   258.00    24.27     4.17     0.32 13683.00  8600.00
   10    10   420     4     2   -82.00     6  1009.00   278.91    26.46     4.71     0.32 14617.00  9297.00
   10    10   460     4     2   -82.00     6  1000.00   276.12    28.71     5.58     0.29 14374.00  9204.00
   10    10   460     4     2   -82.00     6  1001.00   250.77    22.50     2.76     0.32 13739.00  8359.00
   10    10   460     4     2   -82.00     6  1002.00   257.19    26.01     3.66     0.30 13737.00  8573.00
   10    10   460     4     2   -82.00     6  1003.00   271.56    27.69     4.80     0.32 14611.00  9052.00
   10    10   460     4     2   -82.00     6  1004.00   266.61    23.52     3.12     0.28 14229.00  8887.00
   10    10   460     4     2   -82.00     6  1005.00   274.38    23.31     3.48     0.27 14237.00  9146.00
   10    10   460     4     2   -82.00     6  1006.00   282.42    28.26     5.73     0.30 14961.00  9414.00
   10    10   460     4     2   -82.00     6  1007.00   272.76    29.58     5.46     0.30 14526.00  9092.00
   10    10   460     4     2   -82.00     6  1008.00   261.09    26.04     4.98     0.30 13976.00  8703.00
   10    10   460     4     2   -82.00     6  1009.00   273.63    25.38     3.93     0.29 14479.00  9121.00
   10    10   500     4     2   -82.00     6  1000.00   280.08    27.60     4.71     0.27 14499.00  9336.00
   10    10   500     4     2   -82.00     6  1001.00   251.49    22.80     3.27     0.31 13818.00  8383.00
   10    10   500     4     2   -82.00     6  1002.00   255.72    22.23     2.79     0.29 13973.00  8524.00
   10    10   500     4     2   -82.00     6  1003.00   283.74    22.23     2.91     0.29 14974.00  9458.00
   10    10   500     4     2   -82.00     6  1004.00   262.77    21.84     2.91     0.25 14214.00  8759.00
   10    10   500     4     2   -82.00     6  1005.00   270.33    23.91     3.51     0.27 14310.00  9011.00
   10    10   500     4     2   -82.00     6  1006.00   279.48    27.24     3.93     0.30 14746.00  9316.00
   10    10   500     4     2   -82.00     6  1007.00   274.80    29.22     4.80     0.30 14796.00  9160.00
   10    10   500     4     2   -82.00     6  1008.00   250.26    25.80     5.46     0.30 13824.00  8342.00
   10    10   500     4     2   -82.00     6  1009.00   262.92    21.72     3.33     0.29 14385.00  8764.00
