   10    10   100     1     2   -82.00     6  1000.00    60.96     4.26     0.60     0.31  3012.00  2032.00
   10    10   100     1     2   -82.00     6  1001.00    51.15     3.84     0.57     0.37  2951.00  1705.00
   10    10   100     1     2   -82.00     6  1002.00    57.00     2.79     0.30     0.28  2950.00  1900.00
   10    10   100     1     2   -82.00     6  1003.00    55.38     3.90     0.51     0.33  2958.00  1846.00
   10    10   100     1     2   -82.00     6  1004.00    57.33     5.58     0.96     0.33  2981.00  1911.00
   10    10   100     1     2   -82.00     6  1005.00    54.54     5.01     0.78     0.33  2912.00  1818.00
   10    10   100     1     2   -82.00     6  1006.00    56.73     4.65     0.42     0.36  3134.00  1891.00
   10    10   100     1     2   -82.00     6  1007.00    56.22     2.58     0.09     0.29  2961.00  1874.00
   10    10   100     1     2   -82.00     6  1008.00    56.04     4.38     0.72     0.28  2912.00  1868.00
   10    10   100     1     2   -82.00     6  1009.00    60.27     2.52     0.33     0.29  2960.00  2009.00
   10    10   100     2     2   -82.00     6  1000.00   130.65    15.99     3.75     0.49  5955.00  4355.00
   10    10   100     2     2   -82.00     6  1001.00   115.11    17.31     3.27     0.48  5570.00  3837.00
   10    10   100     2     2   -82.00     6  1002.00   119.88    15.45     3.33     0.47  5750.00  3996.00
   10    10   100     2     2   -82.00     6  1003.00   123.15    13.35     2.40     0.43  5700.00  4105.00
   10    10   100     2     2   -82.00     6  1004.00   129.27    14.19     2.13     0.47  5979.00  4309.00
   10    10   100     2     2   -82.00     6  1005.00   120.18    17.58     4.17     0.50  5698.00  4006.00
   10    10   100     2     2   -82.00     6  1006.00   125.73    17.43     4.68     0.46  5894.00  4191.00
   10    10   100     2     2   -82.00     6  1007.00   112.80    16.29     3.93     0.42  5530.00  3760.00
   10    10   100     2     2   -82.00     6  1008.00   116.85    16.26     3.48     0.46  5628.00  3895.00
   10    10   100     2     2   -82.00     6  1009.00   123.03    14.79     2.97     0.45  5833.00  4101.00
   10    10   100     3     2   -82.00     6  1000.00   198.99    33.03     8.55     0.52  8430.00  6633.00
   10    10   100     3     2   -82.00     6  1001.00   180.24    35.31    10.71     0.53  8172.00  6008.00
   10    10   100     3     2   -82.00     6  1002.00   179.34    28.62     5.55     0.52  8003.00  5978.00
   10    10   100     3     2   -82.00     6  1003.00   184.38    27.96     5.58     0.46  8107.00  6146.00
   10    10   100     3     2   -82.00     6  1004.00   194.40    34.20     8.55     0.54  8525.00  6480.00
   10    10   100     3     2   -82.00     6  1005.00   189.09    36.06    12.57     0.59  8309.00  6303.00
   10    10   100     3     2   -82.00     6  1006.00   193.83    34.53     9.63     0.57  8739.00  6461.00
   10    10   100     3     2   -82.00     6  1007.00   174.21    34.32    10.29     0.53  7923.00  5807.00
   10    10   100     3     2   -82.00     6  1008.00   176.79    31.38     6.96     0.49  7919.00  5893.00
   10    10   100     3     2   -82.00     6  1009.00   188.43    30.99     7.65     0.47  8351.00  6281.00
   10    10   100     4     2   -82.00     6  1000.00   279.72    50.22    15.27     0.53 11354.00  9324.00
   10    10   100     4     2   -82.00     6  1001.00   236.13    49.41    14.67     0.57 10068.00  7871.00
   10    10   100     4     2   -82.00     6  1002.00   240.30    42.57    10.98     0.54 10365.00  8010.00
   10    10   100     4     2   -82.00     6  1003.00   253.23    45.75    13.50     0.46 10578.00  8441.00
   10    10   100     4     2   -82.00     6  1004.00   281.49    51.33    13.08     0.53 11612.00  9383.00
   10    10   100     4     2   -82.00     6  1005.00   250.98    50.34    15.54     0.57 10624.00  8366.00
   10    10   100     4     2   -82.00     6  1006.00   271.65    54.36    16.86     0.53 11459.00  9055.00
   10    10   100     4     2   -82.00     6  1007.00   231.21    46.47    15.06     0.56  9976.00  7707.00
   10    10   100     4     2   -82.00     6  1008.00   243.33    47.07    15.90     0.47 10344.00  8111.00
   10    10   100     4     2   -82.00     6  1009.00   258.48    48.06    13.80     0.52 10735.00  8616.00
   10    10   100     5     2   -82.00     6  1000.00   357.60    70.53    22.53     0.55 14020.00 11920.00
   10    10   100     5     2   -82.00     6  1001.00   291.48    64.80    21.66     0.56 12158.00  9716.00
   10    10   100     5     2   -82.00     6  1002.00   316.83    62.73    17.34     0.55 13032.00 10561.00
   10    10   100     5     2   -82.00     6  1003.00   330.90    69.42    23.37     0.50 13326.00 11030.00
   10    10   100     5     2   -82.00     6  1004.00   360.51    69.09    21.21     0.56 14434.00 12017.00
   10    10   100     5     2   -82.00     6  1005.00   332.79    66.69    22.47     0.51 13587.00 11093.00
   10    10   100     5     2   -82.00     6  1006.00   336.69    71.55    22.62     0.53 13556.00 11223.00
   10    10   100     5     2   -82.00     6  1007.00   289.68    66.06    23.61     0.57 12116.00  9656.00
   10    10   100     5     2   -82.00     6  1008.00   305.46    61.47    18.63     0.51 12416.00 10182.00
   10    10   100     5     2   -82.00     6  1009.00   336.21    61.05    15.84     0.51 13337.00 11207.00
   10    10   100     6     2   -82.00     6  1000.00   441.36    84.96    27.39     0.54 16776.00 14712.00
   10    10   100     6     2   -82.00     6  1001.00   348.75    84.36    30.96     0.59 14143.00 11625.00
   10    10   100     6     2   -82.00     6  1002.00   372.39    74.28    25.26     0.54 15016.00 12413.00
   10    10   100     6     2   -82.00     6  1003.00   378.39    76.32    25.62     0.50 15068.00 12613.00
   10    10   100     6     2   -82.00     6  1004.00   438.33    85.17    29.07     0.55 16891.00 14611.00
   10    10   100     6     2   -82.00     6  1005.00   385.98    84.99    30.60     0.59 15258.00 12866.00
   10    10   100     6     2   -82.00     6  1006.00   405.24    94.95    34.95     0.57 16099.00 13508.00
   10    10   100     6     2   -82.00     6  1007.00   326.94    82.11    27.30     0.60 13531.00 10898.00
   10    10   100     6     2   -82.00     6  1008.00   342.81    74.79    24.03     0.49 13899.00 11427.00
   10    10   100     6     2   -82.00     6  1009.00   395.91    77.70    23.40     0.51 15487.00 13197.00
   10    10   100     7     2   -82.00     6  1000.00   510.42   105.96    36.60     0.51 19278.00 17014.00
   10    10   100     7     2   -82.00     6  1001.00   398.67   101.52    34.44     0.60 15705.00 13289.00
   10    10   100     7     2   -82.00     6  1002.00   439.98    94.77    32.16     0.57 17363.00 14666.00
   10    10   100     7     2   -82.00     6  1003.00   443.19   100.77    37.44     0.53 17304.00 14773.00
   10    10   100     7     2   -82.00     6  1004.00   491.04    98.82    31.62     0.53 18480.00 16368.00
   10    10   100     7     2   -82.00     6  1005.00   430.05   105.09    35.73     0.59 16584.00 14335.00
   10    10   100     7     2   -82.00     6  1006.00   456.42    99.84    34.41     0.57 17822.00 15214.00
   10    10   100     7     2   -82.00     6  1007.00   382.80    99.90    35.88     0.62 15470.00 12760.00
   10    10   100     7     2   -82.00     6  1008.00   394.29    97.50    35.79     0.57 15617.00 13143.00
   10    10   100     7     2   -82.00     6  1009.00   423.54    97.02    31.98     0.57 16653.00 14118.00
   10    10   100     8     2   -82.00     6  1000.00   562.74   116.52    42.69     0.55 20949.00 18758.00
   10    10   100     8     2   -82.00     6  1001.00   455.79   121.68    47.82     0.65 17588.00 15193.00
   10    10   100     8     2   -82.00     6  1002.00   472.32    94.41    27.12     0.56 18367.00 15744.00
   10    10   100     8     2   -82.00     6  1003.00   525.39   115.80    41.37     0.51 19889.00 17513.00
   10    10   100     8     2   -82.00     6  1004.00   558.60   114.09    36.72     0.53 20990.00 18620.00
   10    10   100     8     2   -82.00     6  1005.00   500.64   120.84    44.13     0.61 18970.00 16688.00
   10    10   100     8     2   -82.00     6  1006.00   520.05   114.42    43.26     0.52 19765.00 17335.00
   10    10   100     8     2   -82.00     6  1007.00   429.72   115.11    42.51     0.63 16930.00 14324.00
   10    10   100     8     2   -82.00     6  1008.00   422.85   113.28    40.83     0.68 16584.00 14095.00
   10    10   100     8     2   -82.00     6  1009.00   458.61   113.91    44.16     0.62 17939.00 15287.00
   10    10   100     9     2   -82.00     6  1000.00   608.07   135.99    49.53     0.57 22397.00 20269.00
   10    10   100     9     2   -82.00     6  1001.00   488.79   129.69    47.73     0.66 18721.00 16293.00
   10    10   100     9     2   -82.00     6  1002.00   516.81   120.57    40.26     0.59 19841.00 17227.00
   10    10   100     9     2   -82.00     6  1003.00   579.48   129.48    47.76     0.53 21890.00 19316.00
   10    10   100     9     2   -82.00     6  1004.00   611.91   127.53    42.09     0.58 22703.00 20397.00
   10    10   100     9     2   -82.00     6  1005.00   568.20   142.74    53.52     0.62 21117.00 18940.00
   10    10   100     9     2   -82.00     6  1006.00   578.61   138.96    53.01     0.54 21822.00 19287.00
   10    10   100     9     2   -82.00     6  1007.00   475.68   131.40    48.57     0.67 18546.00 15856.00
   10    10   100     9     2   -82.00     6  1008.00   474.72   129.75    46.74     0.68 18398.00 15824.00
   10    10   100     9     2   -82.00     6  1009.00   513.54   119.70    38.31     0.60 19669.00 17118.00
