    3    33   100     4     2   -82.00     6  1000.00   102.12    22.65     7.05     0.57  5009.00  3404.00
    3    33   100     4     2   -82.00     6  1001.00   105.66    30.30    11.13     0.72  5063.00  3522.00
    3    33   100     4     2   -82.00     6  1002.00   103.44    27.81    10.05     0.63  5004.00  3448.00
    3    33   100     4     2   -82.00     6  1003.00   101.40    26.52     9.18     0.67  5005.00  3380.00
    3    33   100     4     2   -82.00     6  1004.00   104.40    30.54    12.09     0.60  4985.00  3480.00
    3    33   100     4     2   -82.00     6  1005.00   102.24    29.79    12.06     0.73  5047.00  3408.00
    3    33   100     4     2   -82.00     6  1006.00   101.73    27.51     9.63     0.64  5032.00  3391.00
    3    33   100     4     2   -82.00     6  1007.00   107.04    29.31    11.43     0.73  5149.00  3568.00
    3    33   100     4     2   -82.00     6  1008.00   102.90    26.19     9.27     0.73  4958.00  3430.00
    3    33   100     4     2   -82.00     6  1009.00   103.68    31.05    11.25     0.70  5013.00  3456.00
    4    25   100     4     2   -82.00     6  1000.00   113.79    22.83     7.05     0.54  5567.00  3793.00
    4    25   100     4     2   -82.00     6  1001.00   108.42    22.89     6.90     0.56  5544.00  3614.00
    4    25   100     4     2   -82.00     6  1002.00   113.55    24.33     7.17     0.54  5590.00  3785.00
    4    25   100     4     2   -82.00     6  1003.00   108.42    25.38     7.29     0.61  5552.00  3614.00
    4    25   100     4     2   -82.00     6  1004.00   107.88    25.53     9.18     0.61  5419.00  3596.00
    4    25   100     4     2   -82.00     6  1005.00   106.83    23.28     6.60     0.62  5522.00  3561.00
    4    25   100     4     2   -82.00     6  1006.00   106.05    26.37     9.12     0.65  5475.00  3535.00
    4    25   100     4     2   -82.00     6  1007.00   112.02    21.84     7.38     0.53  5529.00  3734.00
    4    25   100     4     2   -82.00     6  1008.00   104.97    28.74     9.51     0.72  5361.00  3499.00
    4    25   100     4     2   -82.00     6  1009.00   105.39    26.13     8.52     0.63  5431.00  3513.00
    5    20   100     4     2   -82.00     6  1000.00   130.41    26.10     7.68     0.56  6265.00  4347.00
    5    20   100     4     2   -82.00     6  1001.00   127.98    22.29     7.62     0.53  6259.00  4266.00
    5    20   100     4     2   -82.00     6  1002.00   118.41    25.08     6.63     0.58  6016.00  3947.00
    5    20   100     4     2   -82.00     6  1003.00   119.40    23.79     6.27     0.55  6111.00  3980.00
    5    20   100     4     2   -82.00     6  1004.00   108.21    25.71     8.85     0.62  5694.00  3607.00
    5    20   100     4     2   -82.00     6  1005.00   116.67    21.93     4.53     0.60  6019.00  3889.00
    5    20   100     4     2   -82.00     6  1006.00   115.80    25.41     8.31     0.64  5885.00  3860.00
    5    20   100     4     2   -82.00     6  1007.00   130.38    24.81     6.87     0.54  6311.00  4346.00
    5    20   100     4     2   -82.00     6  1008.00   116.97    27.21     9.18     0.64  5960.00  3899.00
    5    20   100     4     2   -82.00     6  1009.00   131.70    24.12     4.80     0.51  6290.00  4390.00
    6    16   100     4     2   -82.00     6  1000.00   146.52    31.05     8.94     0.57  6814.00  4884.00
    6    16   100     4     2   -82.00     6  1001.00   168.81    27.75     6.93     0.42  7857.00  5627.00
    6    16   100     4     2   -82.00     6  1002.00   138.39    25.14     6.54     0.57  6722.00  4613.00
    6    16   100     4     2   -82.00     6  1003.00   140.79    25.74     6.27     0.57  6620.00  4693.00
    6    16   100     4     2   -82.00     6  1004.00   146.22    28.32     7.38     0.54  6993.00  4874.00
    6    16   100     4     2   -82.00     6  1005.00   136.08    33.18    11.40     0.57  6593.00  4536.00
    6    16   100     4     2   -82.00     6  1006.00   147.72    27.78     6.90     0.51  6938.00  4924.00
    6    16   100     4     2   -82.00     6  1007.00   134.49    25.89     8.22     0.54  6552.00  4483.00
    6    16   100     4     2   -82.00     6  1008.00   148.59    28.92     7.32     0.57  7020.00  4953.00
    6    16   100     4     2   -82.00     6  1009.00   144.93    26.76     7.35     0.49  7058.00  4831.00
    7    14   100     4     2   -82.00     6  1000.00   147.57    37.29    11.64     0.69  6959.00  4919.00
    7    14   100     4     2   -82.00     6  1001.00   172.59    30.87     8.61     0.49  7966.00  5753.00
    7    14   100     4     2   -82.00     6  1002.00   159.69    33.54     9.45     0.56  7556.00  5323.00
    7    14   100     4     2   -82.00     6  1003.00   142.89    28.44     7.71     0.57  6922.00  4763.00
    7    14   100     4     2   -82.00     6  1004.00   150.24    28.89     7.74     0.56  7121.00  5008.00
    7    14   100     4     2   -82.00     6  1005.00   161.04    32.46     9.45     0.59  7454.00  5368.00
    7    14   100     4     2   -82.00     6  1006.00   184.68    33.81     9.39     0.51  8215.00  6156.00
    7    14   100     4     2   -82.00     6  1007.00   156.48    29.22     8.28     0.56  7488.00  5216.00
    7    14   100     4     2   -82.00     6  1008.00   189.96    24.87     6.21     0.44  8268.00  6332.00
    7    14   100     4     2   -82.00     6  1009.00   161.79    30.96     8.97     0.50  7525.00  5393.00
    8    12   100     4     2   -82.00     6  1000.00   188.31    43.71    14.31     0.58  8244.00  6277.00
    8    12   100     4     2   -82.00     6  1001.00   198.60    38.61    11.76     0.58  9108.00  6620.00
    8    12   100     4     2   -82.00     6  1002.00   172.14    32.34     9.99     0.55  7863.00  5738.00
    8    12   100     4     2   -82.00     6  1003.00   185.43    34.89     9.30     0.56  8431.00  6181.00
    8    12   100     4     2   -82.00     6  1004.00   180.42    36.00     9.63     0.48  8194.00  6014.00
    8    12   100     4     2   -82.00     6  1005.00   168.87    33.78     9.42     0.58  7700.00  5629.00
    8    12   100     4     2   -82.00     6  1006.00   179.16    38.43    10.71     0.56  8199.00  5972.00
    8    12   100     4     2   -82.00     6  1007.00   179.76    38.07    11.19     0.59  8163.00  5992.00
    8    12   100     4     2   -82.00     6  1008.00   193.08    32.16     9.78     0.50  8466.00  6436.00
    8    12   100     4     2   -82.00     6  1009.00   221.97    41.16    13.50     0.45  9567.00  7399.00
    9    11   100     4     2   -82.00     6  1000.00   177.66    38.82     9.99     0.62  8094.00  5922.00
    9    11   100     4     2   -82.00     6  1001.00   226.05    41.07    11.55     0.55  9709.00  7535.00
    9    11   100     4     2   -82.00     6  1002.00   186.33    33.90     9.84     0.46  8365.00  6211.00
    9    11   100     4     2   -82.00     6  1003.00   213.39    40.02    10.98     0.57  9257.00  7113.00
    9    11   100     4     2   -82.00     6  1004.00   217.65    41.73    13.56     0.48  9500.00  7255.00
    9    11   100     4     2   -82.00     6  1005.00   187.98    43.68    13.08     0.60  8483.00  6266.00
    9    11   100     4     2   -82.00     6  1006.00   250.17    48.54    12.66     0.51 10538.00  8339.00
    9    11   100     4     2   -82.00     6  1007.00   246.42    39.33    10.20     0.50 10275.00  8214.00
    9    11   100     4     2   -82.00     6  1008.00   227.01    41.49    10.47     0.52  9713.00  7567.00
    9    11   100     4     2   -82.00     6  1009.00   247.53    43.98    11.88     0.53 10510.00  8251.00
   10    10   100     4     2   -82.00     6  1000.00   279.72    50.22    15.27     0.53 11354.00  9324.00
   10    10   100     4     2   -82.00     6  1001.00   236.13    49.41    14.67     0.57 10068.00  7871.00
   10    10   100     4     2   -82.00     6  1002.00   240.30    42.57    10.98     0.54 10365.00  8010.00
   10    10   100     4     2   -82.00     6  1003.00   253.23    45.75    13.50     0.46 10578.00  8441.00
   10    10   100     4     2   -82.00     6  1004.00   281.49    51.33    13.08     0.53 11612.00  9383.00
   10    10   100     4     2   -82.00     6  1005.00   250.98    50.34    15.54     0.57 10624.00  8366.00
   10    10   100     4     2   -82.00     6  1006.00   271.65    54.36    16.86     0.53 11459.00  9055.00
   10    10   100     4     2   -82.00     6  1007.00   231.21    46.47    15.06     0.56  9976.00  7707.00
   10    10   100     4     2   -82.00     6  1008.00   243.33    47.07    15.90     0.47 10344.00  8111.00
   10    10   100     4     2   -82.00     6  1009.00   258.48    48.06    13.80     0.52 10735.00  8616.00
   11     9   100     4     2   -82.00     6  1000.00   305.07    57.93    16.35     0.53 12297.00 10169.00
   11     9   100     4     2   -82.00     6  1001.00   256.50    56.49    18.93     0.58 10886.00  8550.00
   11     9   100     4     2   -82.00     6  1002.00   314.37    53.07    12.42     0.49 12708.00 10479.00
   11     9   100     4     2   -82.00     6  1003.00   302.19    52.32    16.47     0.50 12076.00 10073.00
   11     9   100     4     2   -82.00     6  1004.00   319.68    64.83    21.00     0.58 12862.00 10656.00
   11     9   100     4     2   -82.00     6  1005.00   286.65    53.43    13.95     0.59 11708.00  9555.00
   11     9   100     4     2   -82.00     6  1006.00   293.13    59.07    18.39     0.60 12262.00  9771.00
   11     9   100     4     2   -82.00     6  1007.00   254.31    51.48    15.87     0.61 10760.00  8477.00
   11     9   100     4     2   -82.00     6  1008.00   295.20    58.59    18.00     0.55 12106.00  9840.00
   11     9   100     4     2   -82.00     6  1009.00   300.93    51.00    12.87     0.51 12283.00 10031.00
   12     8   100     4     2   -82.00     6  1000.00   418.89    72.12    18.84     0.49 16114.00 13963.00
   12     8   100     4     2   -82.00     6  1001.00   314.79    63.48    17.13     0.56 12843.00 10493.00
   12     8   100     4     2   -82.00     6  1002.00   349.02    61.38    20.10     0.50 13845.00 11634.00
   12     8   100     4     2   -82.00     6  1003.00   335.82    63.36    17.28     0.52 13168.00 11194.00
   12     8   100     4     2   -82.00     6  1004.00   309.42    53.55    15.06     0.52 12686.00 10314.00
   12     8   100     4     2   -82.00     6  1005.00   286.14    55.92    16.08     0.57 11861.00  9538.00
   12     8   100     4     2   -82.00     6  1006.00   315.99    64.11    21.45     0.57 12832.00 10533.00
   12     8   100     4     2   -82.00     6  1007.00   306.00    54.72    17.34     0.51 12258.00 10200.00
   12     8   100     4     2   -82.00     6  1008.00   339.36    56.58    16.92     0.47 13440.00 11312.00
   12     8   100     4     2   -82.00     6  1009.00   333.60    61.23    18.12     0.53 13210.00 11120.00
   13     7   100     4     2   -82.00     6  1000.00   365.37    73.17    19.89     0.61 14389.00 12179.00
   13     7   100     4     2   -82.00     6  1001.00   390.51    82.77    22.65     0.61 15263.00 13017.00
   13     7   100     4     2   -82.00     6  1002.00   344.22    60.54    16.83     0.55 14030.00 11474.00
   13     7   100     4     2   -82.00     6  1003.00   367.68    70.08    18.90     0.55 14431.00 12256.00
   13     7   100     4     2   -82.00     6  1004.00   337.20    61.26    20.16     0.52 13578.00 11240.00
   13     7   100     4     2   -82.00     6  1005.00   384.42    76.56    23.16     0.48 15000.00 12814.00
   13     7   100     4     2   -82.00     6  1006.00   348.36    76.77    24.39     0.59 13937.00 11612.00
   13     7   100     4     2   -82.00     6  1007.00   408.72    71.19    19.50     0.46 15767.00 13624.00
   13     7   100     4     2   -82.00     6  1008.00   348.66    68.34    21.36     0.57 13742.00 11622.00
   13     7   100     4     2   -82.00     6  1009.00   329.07    64.08    18.15     0.56 13091.00 10969.00
