   10    10    20     4     0   -82.00     6  1000.00   274.14    84.93    35.67     0.80  9925.00  9138.00
   10    10    20     4     0   -82.00     6  1001.00   223.08    69.39    25.74     0.77  8054.00  7436.00
   10    10    20     4     0   -82.00     6  1002.00   250.29    70.68    29.01     0.78  8850.00  8343.00
   10    10    20     4     0   -82.00     6  1003.00   201.72    63.45    23.76     0.82  7422.00  6724.00
   10    10    20     4     0   -82.00     6  1004.00   241.80    71.82    32.19     0.76  8640.00  8060.00
   10    10    20     4     0   -82.00     6  1005.00   269.01    96.69    31.98     0.86  9241.00  8967.00
   10    10    20     4     0   -82.00     6  1006.00   252.72    90.30    40.77     0.90  8906.00  8424.00
   10    10    20     4     0   -82.00     6  1007.00   220.32    68.19    30.24     0.79  7947.00  7344.00
   10    10    20     4     0   -82.00     6  1008.00   212.52    72.87    27.90     0.87  7610.00  7084.00
   10    10    20     4     0   -82.00     6  1009.00   228.90    66.33    25.53     0.78  8094.00  7630.00
   10    10    60     4     0   -82.00     6  1000.00   306.84    70.50    19.20     0.65 11615.00 10228.00
   10    10    60     4     0   -82.00     6  1001.00   275.16    72.12    23.22     0.71 10885.00  9172.00
   10    10    60     4     0   -82.00     6  1002.00   262.71    70.71    21.72     0.74 10394.00  8757.00
   10    10    60     4     0   -82.00     6  1003.00   283.95    73.47    22.80     0.67 11132.00  9465.00
   10    10    60     4     0   -82.00     6  1004.00   273.72    72.60    25.38     0.73 10819.00  9124.00
   10    10    60     4     0   -82.00     6  1005.00   281.91    73.35    21.12     0.75 10831.00  9397.00
   10    10    60     4     0   -82.00     6  1006.00   279.15    80.46    25.44     0.78 11064.00  9305.00
   10    10    60     4     0   -82.00     6  1007.00   262.08    75.63    27.99     0.75 10669.00  8736.00
   10    10    60     4     0   -82.00     6  1008.00   275.34    75.21    24.66     0.70 10859.00  9178.00
   10    10    60     4     0   -82.00     6  1009.00   281.70    71.85    22.59     0.67 11155.00  9390.00
   10    10   100     4     0   -82.00     6  1000.00   299.52    65.13    20.40     0.61 12401.00  9984.00
   10    10   100     4     0   -82.00     6  1001.00   279.48    64.08    17.43     0.66 11907.00  9316.00
   10    10   100     4     0   -82.00     6  1002.00   266.25    50.04    12.00     0.61 11469.00  8875.00
   10    10   100     4     0   -82.00     6  1003.00   281.13    58.11    17.28     0.60 11813.00  9371.00
   10    10   100     4     0   -82.00     6  1004.00   278.55    59.67    16.50     0.64 11728.00  9285.00
   10    10   100     4     0   -82.00     6  1005.00   274.59    62.73    19.11     0.71 11683.00  9153.00
   10    10   100     4     0   -82.00     6  1006.00   291.51    72.81    21.78     0.70 12488.00  9717.00
   10    10   100     4     0   -82.00     6  1007.00   266.16    60.48    19.89     0.65 11744.00  8872.00
   10    10   100     4     0   -82.00     6  1008.00   268.50    55.68    16.20     0.62 11521.00  8950.00
   10    10   100     4     0   -82.00     6  1009.00   284.34    59.79    15.87     0.60 11933.00  9478.00
   10    10   140     4     0   -82.00     6  1000.00   296.46    59.88    16.26     0.61 13026.00  9882.00
   10    10   140     4     0   -82.00     6  1001.00   278.40    51.18    11.58     0.58 12548.00  9280.00
   10    10   140     4     0   -82.00     6  1002.00   266.85    50.10     9.81     0.58 12104.00  8895.00
   10    10   140     4     0   -82.00     6  1003.00   291.60    49.56    12.54     0.58 12849.00  9720.00
   10    10   140     4     0   -82.00     6  1004.00   278.19    47.58    11.82     0.59 12483.00  9273.00
   10    10   140     4     0   -82.00     6  1005.00   275.22    54.03    14.34     0.62 12442.00  9174.00
   10    10   140     4     0   -82.00     6  1006.00   287.46    62.76    16.56     0.63 12958.00  9582.00
   10    10   140     4     0   -82.00     6  1007.00   265.59    55.89    16.23     0.63 12400.00  8853.00
   10    10   140     4     0   -82.00     6  1008.00   272.73    55.05    14.64     0.59 12328.00  9091.00
   10    10   140     4     0   -82.00     6  1009.00   282.54    52.83    10.50     0.57 12553.00  9418.00
   10    10   180     4     0   -82.00     6  1000.00   301.35    58.89    12.54     0.57 13636.00 10045.00
   10    10   180     4     0   -82.00     6  1001.00   278.31    44.97     9.33     0.56 13126.00  9277.00
   10    10   180     4     0   -82.00     6  1002.00   286.92    42.54     7.77     0.55 13229.00  9564.00
   10    10   180     4     0   -82.00     6  1003.00   298.80    53.94    10.89     0.59 13594.00  9960.00
   10    10   180     4     0   -82.00     6  1004.00   281.28    51.12    11.04     0.59 13281.00  9376.00
   10    10   180     4     0   -82.00     6  1005.00   276.87    44.61    10.65     0.52 12986.00  9229.00
   10    10   180     4     0   -82.00     6  1006.00   282.48    54.84    14.25     0.59 13490.00  9416.00
   10    10   180     4     0   -82.00     6  1007.00   270.33    50.46    12.57     0.57 13105.00  9011.00
   10    10   180     4     0   -82.00     6  1008.00   281.07    50.13    12.96     0.58 13270.00  9369.00
   10    10   180     4     0   -82.00     6  1009.00   287.40    45.30     9.45     0.53 13358.00  9580.00
   10    10   220     4     0   -82.00     6  1000.00   296.73    52.74    10.56     0.54 13890.00  9891.00
   10    10   220     4     0   -82.00     6  1001.00   275.61    43.92    10.50     0.52 13693.00  9187.00
   10    10   220     4     0   -82.00     6  1002.00   283.38    45.33     9.72     0.52 13582.00  9446.00
   10    10   220     4     0   -82.00     6  1003.00   298.56    47.85     9.06     0.54 13978.00  9952.00
   10    10   220     4     0   -82.00     6  1004.00   282.96    43.80     9.51     0.53 13802.00  9432.00
   10    10   220     4     0   -82.00     6  1005.00   275.25    42.66    10.92     0.50 13275.00  9175.00
   10    10   220     4     0   -82.00     6  1006.00   287.46    48.33    12.42     0.54 14145.00  9582.00
   10    10   220     4     0   -82.00     6  1007.00   283.41    44.13     9.57     0.54 13942.00  9447.00
   10    10   220     4     0   -82.00     6  1008.00   271.77    44.07     9.72     0.55 13445.00  9059.00
   10    10   220     4     0   -82.00     6  1009.00   294.60    41.73     7.50     0.52 13973.00  9820.00
   10    10   260     4     0   -82.00     6  1000.00   295.44    51.15     9.78     0.53 14489.00  9848.00
   10    10   260     4     0   -82.00     6  1001.00   279.96    39.48     6.48     0.48 14053.00  9332.00
   10    10   260     4     0   -82.00     6  1002.00   282.75    38.31     7.32     0.48 13969.00  9425.00
   10    10   260     4     0   -82.00     6  1003.00   296.61    39.00     7.80     0.48 14203.00  9887.00
   10    10   260     4     0   -82.00     6  1004.00   284.73    37.50     7.41     0.48 14002.00  9491.00
   10    10   260     4     0   -82.00     6  1005.00   275.04    37.20     7.83     0.45 13571.00  9168.00
   10    10   260     4     0   -82.00     6  1006.00   295.29    38.28     8.67     0.50 14682.00  9843.00
   10    10   260     4     0   -82.00     6  1007.00   280.47    42.21    10.53     0.48 14058.00  9349.00
   10    10   260     4     0   -82.00     6  1008.00   281.34    42.36     8.22     0.52 14084.00  9378.00
   10    10   260     4     0   -82.00     6  1009.00   290.73    41.94     9.24     0.50 14436.00  9691.00
   10    10   300     4     0   -82.00     6  1000.00   299.22    44.40     7.83     0.50 14910.00  9974.00
   10    10   300     4     0   -82.00     6  1001.00   279.18    34.47     5.55     0.45 14278.00  9306.00
   10    10   300     4     0   -82.00     6  1002.00   283.98    39.57     7.14     0.45 14382.00  9466.00
   10    10   300     4     0   -82.00     6  1003.00   291.06    41.10     8.67     0.48 14672.00  9702.00
   10    10   300     4     0   -82.00     6  1004.00   284.73    36.45     6.06     0.46 14270.00  9491.00
   10    10   300     4     0   -82.00     6  1005.00   287.37    35.67     6.48     0.41 14346.00  9579.00
   10    10   300     4     0   -82.00     6  1006.00   296.55    38.16     8.79     0.49 15065.00  9885.00
   10    10   300     4     0   -82.00     6  1007.00   288.72    42.18     9.54     0.48 14634.00  9624.00
   10    10   300     4     0   -82.00     6  1008.00   271.08    40.89     7.56     0.48 14145.00  9036.00
   10    10   300     4     0   -82.00     6  1009.00   293.13    33.93     4.89     0.44 14716.00  9771.00
   10    10   340     4     0   -82.00     6  1000.00   298.59    44.22     9.03     0.48 15176.00  9953.00
   10    10   340     4     0   -82.00     6  1001.00   280.20    32.13     4.68     0.44 14624.00  9340.00
   10    10   340     4     0   -82.00     6  1002.00   286.68    36.90     6.63     0.43 14735.00  9556.00
   10    10   340     4     0   -82.00     6  1003.00   285.81    35.91     6.81     0.48 14779.00  9527.00
   10    10   340     4     0   -82.00     6  1004.00   277.59    35.58     5.76     0.43 14404.00  9253.00
   10    10   340     4     0   -82.00     6  1005.00   283.50    32.28     6.27     0.39 14618.00  9450.00
   10    10   340     4     0   -82.00     6  1006.00   299.28    39.03     7.38     0.45 15260.00  9976.00
   10    10   340     4     0   -82.00     6  1007.00   288.39    38.10     6.39     0.44 14830.00  9613.00
   10    10   340     4     0   -82.00     6  1008.00   278.61    35.70     6.99     0.44 14505.00  9287.00
   10    10   340     4     0   -82.00     6  1009.00   293.55    30.15     4.05     0.43 14867.00  9785.00
   10    10   380     4     0   -82.00     6  1000.00   293.07    39.84     6.96     0.46 15311.00  9769.00
   10    10   380     4     0   -82.00     6  1001.00   285.66    31.41     5.97     0.38 15011.00  9522.00
   10    10   380     4     0   -82.00     6  1002.00   280.95    29.49     4.41     0.39 14765.00  9365.00
   10    10   380     4     0   -82.00     6  1003.00   287.43    38.34     6.84     0.47 15273.00  9581.00
   10    10   380     4     0   -82.00     6  1004.00   280.62    35.67     6.66     0.41 14758.00  9354.00
   10    10   380     4     0   -82.00     6  1005.00   290.97    29.85     5.19     0.37 14897.00  9699.00
   10    10   380     4     0   -82.00     6  1006.00   298.20    40.11     9.00     0.45 15471.00  9940.00
   10    10   380     4     0   -82.00     6  1007.00   295.14    33.51     5.16     0.39 15352.00  9838.00
   10    10   380     4     0   -82.00     6  1008.00   280.77    31.35     6.03     0.40 14857.00  9359.00
   10    10   380     4     0   -82.00     6  1009.00   288.69    30.45     5.28     0.40 15283.00  9623.00
   10    10   420     4     0   -82.00     6  1000.00   301.50    37.53     7.20     0.41 15660.00 10050.00
   10    10   420     4     0   -82.00     6  1001.00   277.89    34.05     6.30     0.37 14946.00  9263.00
   10    10   420     4     0   -82.00     6  1002.00   283.20    31.26     5.82     0.40 15065.00  9440.00
   10    10   420     4     0   -82.00     6  1003.00   295.98    32.22     6.09     0.41 15662.00  9866.00
   10    10   420     4     0   -82.00     6  1004.00   284.07    32.31     6.03     0.38 15153.00  9469.00
   10    10   420     4     0   -82.00     6  1005.00   285.51    29.91     5.85     0.38 15193.00  9517.00
   10    10   420     4     0   -82.00     6  1006.00   302.01    35.31     5.52     0.42 15788.00 10067.00
   10    10   420     4     0   -82.00     6  1007.00   294.03    34.95     6.54     0.39 15404.00  9801.00
   10    10   420     4     0   -82.00     6  1008.00   281.73    31.71     5.52     0.38 15069.00  9391.00
   10    10   420     4     0   -82.00     6  1009.00   295.23    29.01     5.31     0.38 15476.00  9841.00
   10    10   460     4     0   -82.00     6  1000.00   300.57    38.79     6.06     0.43 15703.00 10019.00
   10    10   460     4     0   -82.00     6  1001.00   277.65    28.77     4.53     0.38 15108.00  9255.00
   10    10   460     4     0   -82.00     6  1002.00   282.51    28.68     4.32     0.39 15192.00  9417.00
   10    10   460     4     0   -82.00     6  1003.00   297.12    33.81     5.88     0.41 15944.00  9904.00
   10    10   460     4     0   -82.00     6  1004.00   283.35    28.11     4.20     0.37 15517.00  9445.00
   10    10   460     4     0   -82.00     6  1005.00   288.12    29.07     4.32     0.37 15390.00  9604.00
   10    10   460     4     0   -82.00     6  1006.00   305.16    30.60     4.89     0.40 16219.00 10172.00
   10    10   460     4     0   -82.00     6  1007.00   288.54    34.44     5.55     0.40 15529.00  9618.00
   10    10   460     4     0   -82.00     6  1008.00   285.00    27.48     4.08     0.36 15232.00  9500.00
   10    10   460     4     0   -82.00     6  1009.00   294.81    31.38     4.83     0.38 15651.00  9827.00
   10    10   500     4     0   -82.00     6  1000.00   301.41    39.18     6.27     0.42 15927.00 10047.00
   10    10   500     4     0   -82.00     6  1001.00   278.82    28.98     5.10     0.38 15325.00  9294.00
   10    10   500     4     0   -82.00     6  1002.00   285.63    30.42     5.64     0.40 15613.00  9521.00
   10    10   500     4     0   -82.00     6  1003.00   299.37    30.21     4.44     0.38 16173.00  9979.00
   10    10   500     4     0   -82.00     6  1004.00   278.37    27.72     4.20     0.34 15410.00  9279.00
   10    10   500     4     0   -82.00     6  1005.00   285.48    29.16     3.57     0.36 15458.00  9516.00
   10    10   500     4     0   -82.00     6  1006.00   299.61    30.48     4.86     0.39 16152.00  9987.00
   10    10   500     4     0   -82.00     6  1007.00   292.38    32.97     6.18     0.38 15958.00  9746.00
   10    10   500     4     0   -82.00     6  1008.00   276.39    29.79     4.62     0.36 15183.00  9213.00
   10    10   500     4     0   -82.00     6  1009.00   292.20    29.16     4.44     0.36 15820.00  9740.00
