   10    10    20     4     0   -82.00     6  1000.00   303.57    91.92    33.87     0.77 10968.00 10119.00     0.50
   10    10    20     4     0   -82.00     6  1001.00   248.19    75.93    30.09     0.79  8985.00  8273.00     0.50
   10    10    20     4     0   -82.00     6  1002.00   293.25    75.18    30.93     0.75 10382.00  9775.00     0.50
   10    10    20     4     0   -82.00     6  1003.00   247.50    72.75    28.98     0.76  8977.00  8250.00     0.50
   10    10    20     4     0   -82.00     6  1004.00   267.33    88.86    33.60     0.83  9705.00  8911.00     0.50
   10    10    20     4     0   -82.00     6  1005.00   311.97   110.82    40.32     0.85 10757.00 10399.00     0.50
   10    10    20     4     0   -82.00     6  1006.00   327.78   108.21    41.10     0.84 11650.00 10926.00     0.50
   10    10    20     4     0   -82.00     6  1007.00   290.04    79.35    31.17     0.75 10375.00  9668.00     0.50
   10    10    20     4     0   -82.00     6  1008.00   244.17    86.25    34.59     0.85  8796.00  8139.00     0.50
   10    10    20     4     0   -82.00     6  1009.00   255.72    82.50    35.31     0.83  9171.00  8524.00     0.50
   10    10    60     4     0   -82.00     6  1000.00   392.34    84.03    24.18     0.67 14747.00 13078.00     0.50
   10    10    60     4     0   -82.00     6  1001.00   350.58    80.34    23.31     0.64 13796.00 11686.00     0.50
   10    10    60     4     0   -82.00     6  1002.00   317.22    81.93    25.68     0.72 12637.00 10574.00     0.50
   10    10    60     4     0   -82.00     6  1003.00   358.68    82.71    20.97     0.66 14035.00 11956.00     0.50
   10    10    60     4     0   -82.00     6  1004.00   349.08    85.05    27.27     0.69 13668.00 11636.00     0.50
   10    10    60     4     0   -82.00     6  1005.00   361.32    85.59    28.56     0.70 14002.00 12044.00     0.50
   10    10    60     4     0   -82.00     6  1006.00   361.74    98.52    28.20     0.74 14266.00 12058.00     0.50
   10    10    60     4     0   -82.00     6  1007.00   328.14    85.11    25.20     0.69 13368.00 10938.00     0.50
   10    10    60     4     0   -82.00     6  1008.00   342.99    81.66    25.68     0.63 13618.00 11433.00     0.50
   10    10    60     4     0   -82.00     6  1009.00   356.07    74.88    19.05     0.62 14062.00 11869.00     0.50
   10    10   100     4     0   -82.00     6  1000.00   387.42    74.64    16.14     0.58 15875.00 12914.00     0.50
   10    10   100     4     0   -82.00     6  1001.00   351.51    68.85    16.68     0.60 14868.00 11717.00     0.50
   10    10   100     4     0   -82.00     6  1002.00   333.24    55.29    11.79     0.55 14138.00 11108.00     0.50
   10    10   100     4     0   -82.00     6  1003.00   354.69    66.90    18.42     0.55 14993.00 11823.00     0.50
   10    10   100     4     0   -82.00     6  1004.00   354.48    68.28    12.93     0.60 14907.00 11816.00     0.50
   10    10   100     4     0   -82.00     6  1005.00   360.87    63.21    17.49     0.63 15038.00 12029.00     0.50
   10    10   100     4     0   -82.00     6  1006.00   370.29    82.02    18.99     0.63 15778.00 12343.00     0.50
   10    10   100     4     0   -82.00     6  1007.00   323.46    72.42    20.79     0.64 14403.00 10782.00     0.50
   10    10   100     4     0   -82.00     6  1008.00   340.20    67.23    20.25     0.55 14433.00 11340.00     0.50
   10    10   100     4     0   -82.00     6  1009.00   354.96    65.31    16.83     0.56 14764.00 11832.00     0.50
   10    10   140     4     0   -82.00     6  1000.00   378.42    69.36    15.69     0.57 16447.00 12614.00     0.50
   10    10   140     4     0   -82.00     6  1001.00   343.38    63.45    14.46     0.55 15730.00 11446.00     0.50
   10    10   140     4     0   -82.00     6  1002.00   343.83    49.38     7.20     0.51 15131.00 11461.00     0.50
   10    10   140     4     0   -82.00     6  1003.00   365.22    57.78    11.82     0.54 15832.00 12174.00     0.50
   10    10   140     4     0   -82.00     6  1004.00   352.08    55.56    11.01     0.57 15649.00 11736.00     0.50
   10    10   140     4     0   -82.00     6  1005.00   356.97    63.21    14.64     0.57 15806.00 11899.00     0.50
   10    10   140     4     0   -82.00     6  1006.00   365.10    67.38    17.82     0.57 16216.00 12170.00     0.50
   10    10   140     4     0   -82.00     6  1007.00   330.81    63.21    16.47     0.57 15221.00 11027.00     0.50
   10    10   140     4     0   -82.00     6  1008.00   352.89    60.27    11.79     0.53 15469.00 11763.00     0.50
   10    10   140     4     0   -82.00     6  1009.00   356.22    53.67    10.95     0.53 15681.00 11874.00     0.50
   10    10   180     4     0   -82.00     6  1000.00   386.52    58.29    10.71     0.49 17126.00 12884.00     0.50
   10    10   180     4     0   -82.00     6  1001.00   349.95    49.44     8.07     0.52 16201.00 11665.00     0.50
   10    10   180     4     0   -82.00     6  1002.00   355.77    50.49    11.07     0.51 16250.00 11859.00     0.50
   10    10   180     4     0   -82.00     6  1003.00   371.43    59.04    13.71     0.55 16792.00 12381.00     0.50
   10    10   180     4     0   -82.00     6  1004.00   353.76    52.35     9.90     0.54 16360.00 11792.00     0.50
   10    10   180     4     0   -82.00     6  1005.00   342.27    55.23    11.04     0.51 15919.00 11409.00     0.50
   10    10   180     4     0   -82.00     6  1006.00   359.04    55.98    10.44     0.52 16833.00 11968.00     0.50
   10    10   180     4     0   -82.00     6  1007.00   342.12    53.46    11.31     0.53 16252.00 11404.00     0.50
   10    10   180     4     0   -82.00     6  1008.00   354.99    57.27    11.40     0.54 16412.00 11833.00     0.50
   10    10   180     4     0   -82.00     6  1009.00   359.49    51.39     7.77     0.50 16418.00 11983.00     0.50
   10    10   220     4     0   -82.00     6  1000.00   376.35    56.67    11.91     0.49 17237.00 12545.00     0.50
   10    10   220     4     0   -82.00     6  1001.00   347.37    43.02     8.19     0.46 16653.00 11579.00     0.50
   10    10   220     4     0   -82.00     6  1002.00   357.33    48.75     7.56     0.48 16759.00 11911.00     0.50
   10    10   220     4     0   -82.00     6  1003.00   365.91    55.86    10.98     0.51 17232.00 12197.00     0.50
   10    10   220     4     0   -82.00     6  1004.00   360.63    48.66     8.37     0.49 16945.00 12021.00     0.50
   10    10   220     4     0   -82.00     6  1005.00   340.47    47.16     8.76     0.46 16367.00 11349.00     0.50
   10    10   220     4     0   -82.00     6  1006.00   355.47    50.43    10.71     0.49 17283.00 11849.00     0.50
   10    10   220     4     0   -82.00     6  1007.00   353.19    50.28    11.58     0.48 17083.00 11773.00     0.50
   10    10   220     4     0   -82.00     6  1008.00   345.06    49.44     8.37     0.51 16561.00 11502.00     0.50
   10    10   220     4     0   -82.00     6  1009.00   364.56    43.02     5.76     0.47 17180.00 12152.00     0.50
   10    10   260     4     0   -82.00     6  1000.00   371.94    54.03    12.12     0.45 17825.00 12398.00     0.50
   10    10   260     4     0   -82.00     6  1001.00   352.92    39.12     6.63     0.42 17173.00 11764.00     0.50
   10    10   260     4     0   -82.00     6  1002.00   355.35    38.76     4.95     0.41 16970.00 11845.00     0.50
   10    10   260     4     0   -82.00     6  1003.00   367.86    44.46     7.62     0.45 17479.00 12262.00     0.50
   10    10   260     4     0   -82.00     6  1004.00   356.91    42.27     5.31     0.44 17295.00 11897.00     0.50
   10    10   260     4     0   -82.00     6  1005.00   345.27    37.02     7.77     0.40 16694.00 11509.00     0.50
   10    10   260     4     0   -82.00     6  1006.00   358.14    47.19     8.73     0.46 17674.00 11938.00     0.50
   10    10   260     4     0   -82.00     6  1007.00   349.80    42.72     7.65     0.45 17131.00 11660.00     0.50
   10    10   260     4     0   -82.00     6  1008.00   350.85    45.45     7.98     0.47 17016.00 11695.00     0.50
   10    10   260     4     0   -82.00     6  1009.00   362.76    39.81     5.85     0.45 17444.00 12092.00     0.50
   10    10   300     4     0   -82.00     6  1000.00   379.08    50.43     8.43     0.45 18305.00 12636.00     0.50
   10    10   300     4     0   -82.00     6  1001.00   348.99    37.89     6.09     0.41 17471.00 11633.00     0.50
   10    10   300     4     0   -82.00     6  1002.00   352.77    38.52     6.27     0.41 17481.00 11759.00     0.50
   10    10   300     4     0   -82.00     6  1003.00   366.24    42.96     7.86     0.45 17780.00 12208.00     0.50
   10    10   300     4     0   -82.00     6  1004.00   354.90    34.77     5.04     0.39 17500.00 11830.00     0.50
   10    10   300     4     0   -82.00     6  1005.00   356.67    37.92     7.86     0.37 17557.00 11889.00     0.50
   10    10   300     4     0   -82.00     6  1006.00   363.42    40.77     5.58     0.44 18153.00 12114.00     0.50
   10    10   300     4     0   -82.00     6  1007.00   357.18    49.02     9.48     0.46 17844.00 11906.00     0.50
   10    10   300     4     0   -82.00     6  1008.00   339.03    37.62     5.43     0.42 17077.00 11301.00     0.50
   10    10   300     4     0   -82.00     6  1009.00   359.88    33.54     5.25     0.42 17659.00 11996.00     0.50
   10    10   340     4     0   -82.00     6  1000.00   377.28    47.64     6.87     0.44 18479.00 12576.00     0.50
   10    10   340     4     0   -82.00     6  1001.00   349.65    33.36     4.80     0.40 17714.00 11655.00     0.50
   10    10   340     4     0   -82.00     6  1002.00   352.89    33.84     4.47     0.39 17764.00 11763.00     0.50
   10    10   340     4     0   -82.00     6  1003.00   358.56    36.87     5.61     0.42 17906.00 11952.00     0.50
   10    10   340     4     0   -82.00     6  1004.00   350.46    32.61     3.90     0.38 17573.00 11682.00     0.50
   10    10   340     4     0   -82.00     6  1005.00   358.20    31.95     3.87     0.35 17962.00 11940.00     0.50
   10    10   340     4     0   -82.00     6  1006.00   369.51    39.96     6.12     0.44 18509.00 12317.00     0.50
   10    10   340     4     0   -82.00     6  1007.00   356.19    43.74     6.54     0.43 18082.00 11873.00     0.50
   10    10   340     4     0   -82.00     6  1008.00   340.89    38.07     5.52     0.42 17451.00 11363.00     0.50
   10    10   340     4     0   -82.00     6  1009.00   358.80    36.75     6.21     0.39 17950.00 11960.00     0.50
   10    10   380     4     0   -82.00     6  1000.00   368.19    37.89     5.01     0.42 18552.00 12273.00     0.50
   10    10   380     4     0   -82.00     6  1001.00   350.55    37.71     5.91     0.35 18117.00 11685.00     0.50
   10    10   380     4     0   -82.00     6  1002.00   350.97    36.87     5.67     0.37 17930.00 11699.00     0.50
   10    10   380     4     0   -82.00     6  1003.00   357.42    37.17     5.13     0.40 18324.00 11914.00     0.50
   10    10   380     4     0   -82.00     6  1004.00   348.69    35.94     6.30     0.36 17860.00 11623.00     0.50
   10    10   380     4     0   -82.00     6  1005.00   358.17    33.30     5.10     0.35 18095.00 11939.00     0.50
   10    10   380     4     0   -82.00     6  1006.00   372.00    38.07     6.21     0.41 18831.00 12400.00     0.50
   10    10   380     4     0   -82.00     6  1007.00   353.82    40.77     6.18     0.41 18330.00 11794.00     0.50
   10    10   380     4     0   -82.00     6  1008.00   344.25    32.67     5.04     0.39 17754.00 11475.00     0.50
   10    10   380     4     0   -82.00     6  1009.00   363.06    33.18     5.22     0.37 18432.00 12102.00     0.50
   10    10   420     4     0   -82.00     6  1000.00   366.87    42.99     7.11     0.40 18678.00 12229.00     0.50
   10    10   420     4     0   -82.00     6  1001.00   343.65    34.47     5.22     0.32 17846.00 11455.00     0.50
   10    10   420     4     0   -82.00     6  1002.00   347.19    30.78     4.29     0.35 18025.00 11573.00     0.50
   10    10   420     4     0   -82.00     6  1003.00   366.03    34.80     3.96     0.38 18777.00 12201.00     0.50
   10    10   420     4     0   -82.00     6  1004.00   350.43    30.00     3.81     0.34 18041.00 11681.00     0.50
   10    10   420     4     0   -82.00     6  1005.00   353.13    30.30     4.71     0.34 18216.00 11771.00     0.50
   10    10   420     4     0   -82.00     6  1006.00   370.08    35.91     6.36     0.40 18968.00 12336.00     0.50
   10    10   420     4     0   -82.00     6  1007.00   353.82    37.11     5.25     0.39 18522.00 11794.00     0.50
   10    10   420     4     0   -82.00     6  1008.00   344.76    33.39     4.71     0.36 18009.00 11492.00     0.50
   10    10   420     4     0   -82.00     6  1009.00   363.24    28.32     3.21     0.34 18627.00 12108.00     0.50
   10    10   460     4     0   -82.00     6  1000.00   366.96    40.92     6.18     0.40 18857.00 12232.00     0.50
   10    10   460     4     0   -82.00     6  1001.00   347.19    28.38     3.33     0.34 18235.00 11573.00     0.50
   10    10   460     4     0   -82.00     6  1002.00   346.11    33.21     4.53     0.36 18175.00 11537.00     0.50
   10    10   460     4     0   -82.00     6  1003.00   367.56    33.93     4.92     0.36 19023.00 12252.00     0.50
   10    10   460     4     0   -82.00     6  1004.00   347.88    29.94     3.36     0.34 18468.00 11596.00     0.50
   10    10   460     4     0   -82.00     6  1005.00   354.15    29.67     4.29     0.32 18509.00 11805.00     0.50
   10    10   460     4     0   -82.00     6  1006.00   370.56    34.98     4.53     0.38 19248.00 12352.00     0.50
   10    10   460     4     0   -82.00     6  1007.00   352.47    36.33     4.98     0.38 18609.00 11749.00     0.50
   10    10   460     4     0   -82.00     6  1008.00   347.13    31.17     5.16     0.35 18377.00 11571.00     0.50
   10    10   460     4     0   -82.00     6  1009.00   356.10    27.33     2.73     0.34 18640.00 11870.00     0.50
   10    10   500     4     0   -82.00     6  1000.00   366.63    42.72     7.29     0.40 18935.00 12221.00     0.50
   10    10   500     4     0   -82.00     6  1001.00   352.14    25.17     2.79     0.33 18511.00 11738.00     0.50
   10    10   500     4     0   -82.00     6  1002.00   348.48    27.09     2.85     0.35 18555.00 11616.00     0.50
   10    10   500     4     0   -82.00     6  1003.00   365.10    33.87     4.17     0.35 19291.00 12170.00     0.50
   10    10   500     4     0   -82.00     6  1004.00   341.40    27.96     3.99     0.31 18409.00 11380.00     0.50
   10    10   500     4     0   -82.00     6  1005.00   346.41    30.45     3.87     0.32 18497.00 11547.00     0.50
   10    10   500     4     0   -82.00     6  1006.00   365.67    31.17     3.09     0.36 19276.00 12189.00     0.50
   10    10   500     4     0   -82.00     6  1007.00   353.46    36.96     5.85     0.36 18847.00 11782.00     0.50
   10    10   500     4     0   -82.00     6  1008.00   338.85    33.54     4.86     0.33 18243.00 11295.00     0.50
   10    10   500     4     0   -82.00     6  1009.00   352.44    28.47     4.08     0.34 18793.00 11748.00     0.50
