   10     4   100     4     0   -82.00     6  1000.00   148.98     3.72     0.12     0.18 14130.00  4966.00     0.50
   10     4   100     4     0   -82.00     6  1001.00   149.40     5.61     0.63     0.19 14062.00  4980.00     0.50
   10     4   100     4     0   -82.00     6  1002.00   138.75     2.67     0.00     0.15 13235.00  4625.00     0.50
   10     4   100     4     0   -82.00     6  1003.00   147.72     3.18     0.06     0.13 13767.00  4924.00     0.50
   10     4   100     4     0   -82.00     6  1004.00   121.95     2.58     0.15     0.09 12469.00  4065.00     0.50
   10     4   100     4     0   -82.00     6  1005.00   122.19     3.99     0.39     0.14 12729.00  4073.00     0.50
   10     4   100     4     0   -82.00     6  1006.00   138.96     5.22     0.60     0.17 14476.00  4632.00     0.50
   10     4   100     4     0   -82.00     6  1007.00   146.76     2.04     0.00     0.13 13858.00  4892.00     0.50
   10     4   100     4     0   -82.00     6  1008.00   156.18     3.42     0.27     0.13 13878.00  5206.00     0.50
   10     4   100     4     0   -82.00     6  1009.00   141.45     3.69     0.30     0.17 13768.00  4715.00     0.50
   10     6   100     4     0   -82.00     6  1000.00   306.99     0.81     0.00     0.17 19031.00 10233.00     0.50
   10     6   100     4     0   -82.00     6  1001.00   242.37     2.28     0.00     0.13 16502.00  8079.00     0.50
   10     6   100     4     0   -82.00     6  1002.00   284.25     0.84     0.00     0.14 17810.00  9475.00     0.50
   10     6   100     4     0   -82.00     6  1003.00   302.94     1.59     0.00     0.15 18338.00 10098.00     0.50
   10     6   100     4     0   -82.00     6  1004.00   275.70     1.38     0.00     0.14 17765.00  9190.00     0.50
   10     6   100     4     0   -82.00     6  1005.00   245.19     2.13     0.00     0.15 17037.00  8173.00     0.50
   10     6   100     4     0   -82.00     6  1006.00   244.11     1.44     0.00     0.14 17154.00  8137.00     0.50
   10     6   100     4     0   -82.00     6  1007.00   239.37     1.44     0.00     0.12 16325.00  7979.00     0.50
   10     6   100     4     0   -82.00     6  1008.00   217.71     2.55     0.00     0.14 16286.00  7257.00     0.50
   10     6   100     4     0   -82.00     6  1009.00   246.39     3.39     0.09     0.15 16847.00  8213.00     0.50
   10     8   100     4     0   -82.00     6  1000.00   377.70     1.08     0.00     0.16 20436.00 12590.00     0.50
   10     8   100     4     0   -82.00     6  1001.00   264.84     1.71     0.00     0.13 17241.00  8828.00     0.50
   10     8   100     4     0   -82.00     6  1002.00   326.94     0.69     0.00     0.15 18770.00 10898.00     0.50
   10     8   100     4     0   -82.00     6  1003.00   334.77     1.47     0.00     0.15 19507.00 11159.00     0.50
   10     8   100     4     0   -82.00     6  1004.00   296.97     1.05     0.00     0.14 18053.00  9899.00     0.50
   10     8   100     4     0   -82.00     6  1005.00   283.17     0.60     0.00     0.14 17804.00  9439.00     0.50
   10     8   100     4     0   -82.00     6  1006.00   277.32     1.44     0.00     0.14 17747.00  9244.00     0.50
   10     8   100     4     0   -82.00     6  1007.00   258.90     0.99     0.00     0.13 16931.00  8630.00     0.50
   10     8   100     4     0   -82.00     6  1008.00   255.15     1.86     0.00     0.13 16724.00  8505.00     0.50
   10     8   100     4     0   -82.00     6  1009.00   278.52     1.98     0.00     0.14 17713.00  9284.00     0.50
   10    10   100     4     0   -82.00     6  1000.00   378.00     1.20     0.00     0.17 20481.00 12600.00     0.50
   10    10   100     4     0   -82.00     6  1001.00   292.47     1.98     0.00     0.14 18305.00  9749.00     0.50
   10    10   100     4     0   -82.00     6  1002.00   321.84     1.38     0.00     0.14 18739.00 10728.00     0.50
   10    10   100     4     0   -82.00     6  1003.00   338.07     2.04     0.00     0.15 19498.00 11269.00     0.50
   10    10   100     4     0   -82.00     6  1004.00   298.26     1.53     0.00     0.15 18679.00  9942.00     0.50
   10    10   100     4     0   -82.00     6  1005.00   282.96     0.93     0.00     0.14 17573.00  9432.00     0.50
   10    10   100     4     0   -82.00     6  1006.00   284.04     1.56     0.00     0.13 17874.00  9468.00     0.50
   10    10   100     4     0   -82.00     6  1007.00   266.64     1.26     0.00     0.13 17195.00  8888.00     0.50
   10    10   100     4     0   -82.00     6  1008.00   261.63     1.77     0.00     0.13 16753.00  8721.00     0.50
   10    10   100     4     0   -82.00     6  1009.00   302.94     2.85     0.09     0.15 18354.00 10098.00     0.50
   10    12   100     4     0   -82.00     6  1000.00   379.50     1.20     0.00     0.17 20481.00 12650.00     0.50
   10    12   100     4     0   -82.00     6  1001.00   292.14     1.80     0.00     0.13 17975.00  9738.00     0.50
   10    12   100     4     0   -82.00     6  1002.00   322.05     1.38     0.00     0.14 18739.00 10735.00     0.50
   10    12   100     4     0   -82.00     6  1003.00   338.07     2.04     0.00     0.15 19498.00 11269.00     0.50
   10    12   100     4     0   -82.00     6  1004.00   308.40     1.59     0.00     0.14 19100.00 10280.00     0.50
   10    12   100     4     0   -82.00     6  1005.00   282.96     0.93     0.00     0.14 17573.00  9432.00     0.50
   10    12   100     4     0   -82.00     6  1006.00   283.53     1.83     0.00     0.13 17898.00  9451.00     0.50
   10    12   100     4     0   -82.00     6  1007.00   270.03     0.96     0.00     0.13 17381.00  9001.00     0.50
   10    12   100     4     0   -82.00     6  1008.00   262.29     1.98     0.00     0.12 16784.00  8743.00     0.50
   10    12   100     4     0   -82.00     6  1009.00   302.94     2.85     0.09     0.15 18354.00 10098.00     0.50
   10    14   100     4     0   -82.00     6  1000.00   379.50     1.20     0.00     0.17 20481.00 12650.00     0.50
   10    14   100     4     0   -82.00     6  1001.00   293.79     1.83     0.00     0.14 18096.00  9793.00     0.50
   10    14   100     4     0   -82.00     6  1002.00   322.05     1.38     0.00     0.14 18739.00 10735.00     0.50
   10    14   100     4     0   -82.00     6  1003.00   338.07     2.04     0.00     0.15 19498.00 11269.00     0.50
   10    14   100     4     0   -82.00     6  1004.00   308.43     1.59     0.00     0.14 19100.00 10281.00     0.50
   10    14   100     4     0   -82.00     6  1005.00   282.96     0.93     0.00     0.14 17573.00  9432.00     0.50
   10    14   100     4     0   -82.00     6  1006.00   283.53     1.83     0.00     0.13 17898.00  9451.00     0.50
   10    14   100     4     0   -82.00     6  1007.00   274.80     0.69     0.00     0.13 17305.00  9160.00     0.50
   10    14   100     4     0   -82.00     6  1008.00   262.29     1.98     0.00     0.12 16784.00  8743.00     0.50
   10    14   100     4     0   -82.00     6  1009.00   302.94     2.85     0.09     0.15 18354.00 10098.00     0.50
   10    16   100     4     0   -82.00     6  1000.00   379.50     1.20     0.00     0.17 20481.00 12650.00     0.50
   10    16   100     4     0   -82.00     6  1001.00   293.79     1.83     0.00     0.14 18096.00  9793.00     0.50
   10    16   100     4     0   -82.00     6  1002.00   322.05     1.38     0.00     0.14 18739.00 10735.00     0.50
   10    16   100     4     0   -82.00     6  1003.00   338.07     2.04     0.00     0.15 19498.00 11269.00     0.50
   10    16   100     4     0   -82.00     6  1004.00   308.43     1.59     0.00     0.14 19100.00 10281.00     0.50
   10    16   100     4     0   -82.00     6  1005.00   282.96     0.93     0.00     0.14 17573.00  9432.00     0.50
   10    16   100     4     0   -82.00     6  1006.00   283.53     1.83     0.00     0.13 17898.00  9451.00     0.50
   10    16   100     4     0   -82.00     6  1007.00   274.80     0.69     0.00     0.13 17305.00  9160.00     0.50
   10    16   100     4     0   -82.00     6  1008.00   262.29     1.98     0.00     0.12 16784.00  8743.00     0.50
   10    16   100     4     0   -82.00     6  1009.00   302.94     2.85     0.09     0.15 18354.00 10098.00     0.50
   10    18   100     4     0   -82.00     6  1000.00   379.50     1.20     0.00     0.17 20481.00 12650.00     0.50
   10    18   100     4     0   -82.00     6  1001.00   293.79     1.83     0.00     0.14 18096.00  9793.00     0.50
   10    18   100     4     0   -82.00     6  1002.00   322.05     1.38     0.00     0.14 18739.00 10735.00     0.50
   10    18   100     4     0   -82.00     6  1003.00   338.07     2.04     0.00     0.15 19498.00 11269.00     0.50
   10    18   100     4     0   -82.00     6  1004.00   308.43     1.59     0.00     0.14 19100.00 10281.00     0.50
   10    18   100     4     0   -82.00     6  1005.00   282.96     0.93     0.00     0.14 17573.00  9432.00     0.50
   10    18   100     4     0   -82.00     6  1006.00   283.53     1.83     0.00     0.13 17898.00  9451.00     0.50
   10    18   100     4     0   -82.00     6  1007.00   274.80     0.69     0.00     0.13 17305.00  9160.00     0.50
   10    18   100     4     0   -82.00     6  1008.00   262.29     1.98     0.00     0.12 16784.00  8743.00     0.50
   10    18   100     4     0   -82.00     6  1009.00   302.94     2.85     0.09     0.15 18354.00 10098.00     0.50
   10    20   100     4     0   -82.00     6  1000.00   379.50     1.20     0.00     0.17 20481.00 12650.00     0.50
   10    20   100     4     0   -82.00     6  1001.00   293.79     1.83     0.00     0.14 18096.00  9793.00     0.50
   10    20   100     4     0   -82.00     6  1002.00   322.05     1.38     0.00     0.14 18739.00 10735.00     0.50
   10    20   100     4     0   -82.00     6  1003.00   338.07     2.04     0.00     0.15 19498.00 11269.00     0.50
   10    20   100     4     0   -82.00     6  1004.00   308.43     1.59     0.00     0.14 19100.00 10281.00     0.50
   10    20   100     4     0   -82.00     6  1005.00   282.96     0.93     0.00     0.14 17573.00  9432.00     0.50
   10    20   100     4     0   -82.00     6  1006.00   283.53     1.83     0.00     0.13 17898.00  9451.00     0.50
   10    20   100     4     0   -82.00     6  1007.00   274.80     0.69     0.00     0.13 17305.00  9160.00     0.50
   10    20   100     4     0   -82.00     6  1008.00   262.29     1.98     0.00     0.12 16784.00  8743.00     0.50
   10    20   100     4     0   -82.00     6  1009.00   302.94     2.85     0.09     0.15 18354.00 10098.00     0.50
   10    22   100     4     0   -82.00     6  1000.00   379.50     1.20     0.00     0.17 20481.00 12650.00     0.50
   10    22   100     4     0   -82.00     6  1001.00   293.79     1.83     0.00     0.14 18096.00  9793.00     0.50
   10    22   100     4     0   -82.00     6  1002.00   322.05     1.38     0.00     0.14 18739.00 10735.00     0.50
   10    22   100     4     0   -82.00     6  1003.00   338.07     2.04     0.00     0.15 19498.00 11269.00     0.50
   10    22   100     4     0   -82.00     6  1004.00   308.43     1.59     0.00     0.14 19100.00 10281.00     0.50
   10    22   100     4     0   -82.00     6  1005.00   282.96     0.93     0.00     0.14 17573.00  9432.00     0.50
   10    22   100     4     0   -82.00     6  1006.00   283.53     1.83     0.00     0.13 17898.00  9451.00     0.50
   10    22   100     4     0   -82.00     6  1007.00   274.80     0.69     0.00     0.13 17305.00  9160.00     0.50
   10    22   100     4     0   -82.00     6  1008.00   262.29     1.98     0.00     0.12 16784.00  8743.00     0.50
   10    22   100     4     0   -82.00     6  1009.00   302.94     2.85     0.09     0.15 18354.00 10098.00     0.50
   10    24   100     4     0   -82.00     6  1000.00   379.50     1.20     0.00     0.17 20481.00 12650.00     0.50
   10    24   100     4     0   -82.00     6  1001.00   293.79     1.83     0.00     0.14 18096.00  9793.00     0.50
   10    24   100     4     0   -82.00     6  1002.00   322.05     1.38     0.00     0.14 18739.00 10735.00     0.50
   10    24   100     4     0   -82.00     6  1003.00   338.07     2.04     0.00     0.15 19498.00 11269.00     0.50
   10    24   100     4     0   -82.00     6  1004.00   308.43     1.59     0.00     0.14 19100.00 10281.00     0.50
   10    24   100     4     0   -82.00     6  1005.00   282.96     0.93     0.00     0.14 17573.00  9432.00     0.50
   10    24   100     4     0   -82.00     6  1006.00   283.53     1.83     0.00     0.13 17898.00  9451.00     0.50
   10    24   100     4     0   -82.00     6  1007.00   274.80     0.69     0.00     0.13 17305.00  9160.00     0.50
   10    24   100     4     0   -82.00     6  1008.00   262.29     1.98     0.00     0.12 16784.00  8743.00     0.50
   10    24   100     4     0   -82.00     6  1009.00   302.94     2.85     0.09     0.15 18354.00 10098.00     0.50
   10    26   100     4     0   -82.00     6  1000.00   379.50     1.20     0.00     0.17 20481.00 12650.00     0.50
   10    26   100     4     0   -82.00     6  1001.00   293.79     1.83     0.00     0.14 18096.00  9793.00     0.50
   10    26   100     4     0   -82.00     6  1002.00   322.05     1.38     0.00     0.14 18739.00 10735.00     0.50
   10    26   100     4     0   -82.00     6  1003.00   338.07     2.04     0.00     0.15 19498.00 11269.00     0.50
   10    26   100     4     0   -82.00     6  1004.00   308.43     1.59     0.00     0.14 19100.00 10281.00     0.50
   10    26   100     4     0   -82.00     6  1005.00   282.96     0.93     0.00     0.14 17573.00  9432.00     0.50
   10    26   100     4     0   -82.00     6  1006.00   283.53     1.83     0.00     0.13 17898.00  9451.00     0.50
   10    26   100     4     0   -82.00     6  1007.00   274.80     0.69     0.00     0.13 17305.00  9160.00     0.50
   10    26   100     4     0   -82.00     6  1008.00   262.29     1.98     0.00     0.12 16784.00  8743.00     0.50
   10    26   100     4     0   -82.00     6  1009.00   302.94     2.85     0.09     0.15 18354.00 10098.00     0.50
   10    28   100     4     0   -82.00     6  1000.00   379.50     1.20     0.00     0.17 20481.00 12650.00     0.50
   10    28   100     4     0   -82.00     6  1001.00   293.79     1.83     0.00     0.14 18096.00  9793.00     0.50
   10    28   100     4     0   -82.00     6  1002.00   322.05     1.38     0.00     0.14 18739.00 10735.00     0.50
   10    28   100     4     0   -82.00     6  1003.00   338.07     2.04     0.00     0.15 19498.00 11269.00     0.50
   10    28   100     4     0   -82.00     6  1004.00   308.43     1.59     0.00     0.14 19100.00 10281.00     0.50
   10    28   100     4     0   -82.00     6  1005.00   282.96     0.93     0.00     0.14 17573.00  9432.00     0.50
   10    28   100     4     0   -82.00     6  1006.00   283.53     1.83     0.00     0.13 17898.00  9451.00     0.50
   10    28   100     4     0   -82.00     6  1007.00   274.80     0.69     0.00     0.13 17305.00  9160.00     0.50
   10    28   100     4     0   -82.00     6  1008.00   262.29     1.98     0.00     0.12 16784.00  8743.00     0.50
   10    28   100     4     0   -82.00     6  1009.00   302.94     2.85     0.09     0.15 18354.00 10098.00     0.50
   10    30   100     4     0   -82.00     6  1000.00   379.50     1.20     0.00     0.17 20481.00 12650.00     0.50
   10    30   100     4     0   -82.00     6  1001.00   293.79     1.83     0.00     0.14 18096.00  9793.00     0.50
   10    30   100     4     0   -82.00     6  1002.00   322.05     1.38     0.00     0.14 18739.00 10735.00     0.50
   10    30   100     4     0   -82.00     6  1003.00   338.07     2.04     0.00     0.15 19498.00 11269.00     0.50
   10    30   100     4     0   -82.00     6  1004.00   308.43     1.59     0.00     0.14 19100.00 10281.00     0.50
   10    30   100     4     0   -82.00     6  1005.00   282.96     0.93     0.00     0.14 17573.00  9432.00     0.50
   10    30   100     4     0   -82.00     6  1006.00   283.53     1.83     0.00     0.13 17898.00  9451.00     0.50
   10    30   100     4     0   -82.00     6  1007.00   274.80     0.69     0.00     0.13 17305.00  9160.00     0.50
   10    30   100     4     0   -82.00     6  1008.00   262.29     1.98     0.00     0.12 16784.00  8743.00     0.50
   10    30   100     4     0   -82.00     6  1009.00   302.94     2.85     0.09     0.15 18354.00 10098.00     0.50
   10    32   100     4     0   -82.00     6  1000.00   379.50     1.20     0.00     0.17 20481.00 12650.00     0.50
   10    32   100     4     0   -82.00     6  1001.00   293.79     1.83     0.00     0.14 18096.00  9793.00     0.50
   10    32   100     4     0   -82.00     6  1002.00   322.05     1.38     0.00     0.14 18739.00 10735.00     0.50
   10    32   100     4     0   -82.00     6  1003.00   338.07     2.04     0.00     0.15 19498.00 11269.00     0.50
   10    32   100     4     0   -82.00     6  1004.00   308.43     1.59     0.00     0.14 19100.00 10281.00     0.50
   10    32   100     4     0   -82.00     6  1005.00   282.96     0.93     0.00     0.14 17573.00  9432.00     0.50
   10    32   100     4     0   -82.00     6  1006.00   283.53     1.83     0.00     0.13 17898.00  9451.00     0.50
   10    32   100     4     0   -82.00     6  1007.00   274.80     0.69     0.00     0.13 17305.00  9160.00     0.50
   10    32   100     4     0   -82.00     6  1008.00   262.29     1.98     0.00     0.12 16784.00  8743.00     0.50
   10    32   100     4     0   -82.00     6  1009.00   302.94     2.85     0.09     0.15 18354.00 10098.00     0.50
   10    34   100     4     0   -82.00     6  1000.00   379.50     1.20     0.00     0.17 20481.00 12650.00     0.50
   10    34   100     4     0   -82.00     6  1001.00   293.79     1.83     0.00     0.14 18096.00  9793.00     0.50
   10    34   100     4     0   -82.00     6  1002.00   322.05     1.38     0.00     0.14 18739.00 10735.00     0.50
   10    34   100     4     0   -82.00     6  1003.00   338.07     2.04     0.00     0.15 19498.00 11269.00     0.50
   10    34   100     4     0   -82.00     6  1004.00   308.43     1.59     0.00     0.14 19100.00 10281.00     0.50
   10    34   100     4     0   -82.00     6  1005.00   282.96     0.93     0.00     0.14 17573.00  9432.00     0.50
   10    34   100     4     0   -82.00     6  1006.00   283.53     1.83     0.00     0.13 17898.00  9451.00     0.50
   10    34   100     4     0   -82.00     6  1007.00   274.80     0.69     0.00     0.13 17305.00  9160.00     0.50
   10    34   100     4     0   -82.00     6  1008.00   262.29     1.98     0.00     0.12 16784.00  8743.00     0.50
   10    34   100     4     0   -82.00     6  1009.00   302.94     2.85     0.09     0.15 18354.00 10098.00     0.50
   10    36   100     4     0   -82.00     6  1000.00   379.50     1.20     0.00     0.17 20481.00 12650.00     0.50
   10    36   100     4     0   -82.00     6  1001.00   293.79     1.83     0.00     0.14 18096.00  9793.00     0.50
   10    36   100     4     0   -82.00     6  1002.00   322.05     1.38     0.00     0.14 18739.00 10735.00     0.50
   10    36   100     4     0   -82.00     6  1003.00   338.07     2.04     0.00     0.15 19498.00 11269.00     0.50
   10    36   100     4     0   -82.00     6  1004.00   308.43     1.59     0.00     0.14 19100.00 10281.00     0.50
   10    36   100     4     0   -82.00     6  1005.00   282.96     0.93     0.00     0.14 17573.00  9432.00     0.50
   10    36   100     4     0   -82.00     6  1006.00   283.53     1.83     0.00     0.13 17898.00  9451.00     0.50
   10    36   100     4     0   -82.00     6  1007.00   274.80     0.69     0.00     0.13 17305.00  9160.00     0.50
   10    36   100     4     0   -82.00     6  1008.00   262.29     1.98     0.00     0.12 16784.00  8743.00     0.50
   10    36   100     4     0   -82.00     6  1009.00   302.94     2.85     0.09     0.15 18354.00 10098.00     0.50
   10    38   100     4     0   -82.00     6  1000.00   379.50     1.20     0.00     0.17 20481.00 12650.00     0.50
   10    38   100     4     0   -82.00     6  1001.00   293.79     1.83     0.00     0.14 18096.00  9793.00     0.50
   10    38   100     4     0   -82.00     6  1002.00   322.05     1.38     0.00     0.14 18739.00 10735.00     0.50
   10    38   100     4     0   -82.00     6  1003.00   338.07     2.04     0.00     0.15 19498.00 11269.00     0.50
   10    38   100     4     0   -82.00     6  1004.00   308.43     1.59     0.00     0.14 19100.00 10281.00     0.50
   10    38   100     4     0   -82.00     6  1005.00   282.96     0.93     0.00     0.14 17573.00  9432.00     0.50
   10    38   100     4     0   -82.00     6  1006.00   283.53     1.83     0.00     0.13 17898.00  9451.00     0.50
   10    38   100     4     0   -82.00     6  1007.00   274.80     0.69     0.00     0.13 17305.00  9160.00     0.50
   10    38   100     4     0   -82.00     6  1008.00   262.29     1.98     0.00     0.12 16784.00  8743.00     0.50
   10    38   100     4     0   -82.00     6  1009.00   302.94     2.85     0.09     0.15 18354.00 10098.00     0.50
   10    40   100     4     0   -82.00     6  1000.00   379.50     1.20     0.00     0.17 20481.00 12650.00     0.50
   10    40   100     4     0   -82.00     6  1001.00   293.79     1.83     0.00     0.14 18096.00  9793.00     0.50
   10    40   100     4     0   -82.00     6  1002.00   322.05     1.38     0.00     0.14 18739.00 10735.00     0.50
   10    40   100     4     0   -82.00     6  1003.00   338.07     2.04     0.00     0.15 19498.00 11269.00     0.50
   10    40   100     4     0   -82.00     6  1004.00   308.43     1.59     0.00     0.14 19100.00 10281.00     0.50
   10    40   100     4     0   -82.00     6  1005.00   282.96     0.93     0.00     0.14 17573.00  9432.00     0.50
   10    40   100     4     0   -82.00     6  1006.00   283.53     1.83     0.00     0.13 17898.00  9451.00     0.50
   10    40   100     4     0   -82.00     6  1007.00   274.80     0.69     0.00     0.13 17305.00  9160.00     0.50
   10    40   100     4     0   -82.00     6  1008.00   262.29     1.98     0.00     0.12 16784.00  8743.00     0.50
   10    40   100     4     0   -82.00     6  1009.00   302.94     2.85     0.09     0.15 18354.00 10098.00     0.50
