   10    10   100     1     0   -82.00     6  1000.00    81.03     4.32     0.57     0.33  3805.00  2701.00     0.50
   10    10   100     1     0   -82.00     6  1001.00    72.54     6.09     0.93     0.34  3881.00  2418.00     0.50
   10    10   100     1     0   -82.00     6  1002.00    74.04     4.08     0.15     0.30  3815.00  2468.00     0.50
   10    10   100     1     0   -82.00     6  1003.00    78.99     4.77     0.30     0.33  3941.00  2633.00     0.50
   10    10   100     1     0   -82.00     6  1004.00    74.88     6.51     0.48     0.34  3771.00  2496.00     0.50
   10    10   100     1     0   -82.00     6  1005.00    75.33     7.11     1.35     0.36  3822.00  2511.00     0.50
   10    10   100     1     0   -82.00     6  1006.00    78.09     6.54     0.75     0.36  4002.00  2603.00     0.50
   10    10   100     1     0   -82.00     6  1007.00    76.89     4.41     0.54     0.29  3931.00  2563.00     0.50
   10    10   100     1     0   -82.00     6  1008.00    73.56     6.51     0.99     0.30  3765.00  2452.00     0.50
   10    10   100     1     0   -82.00     6  1009.00    80.67     3.18     0.48     0.29  3841.00  2689.00     0.50
   10    10   100     2     0   -82.00     6  1000.00   187.29    23.70     4.29     0.51  8164.00  6243.00     0.50
   10    10   100     2     0   -82.00     6  1001.00   164.10    21.57     4.59     0.46  7814.00  5470.00     0.50
   10    10   100     2     0   -82.00     6  1002.00   162.06    16.56     2.85     0.43  7509.00  5402.00     0.50
   10    10   100     2     0   -82.00     6  1003.00   174.12    15.81     1.89     0.41  7936.00  5804.00     0.50
   10    10   100     2     0   -82.00     6  1004.00   171.33    18.96     2.88     0.48  7763.00  5711.00     0.50
   10    10   100     2     0   -82.00     6  1005.00   167.04    24.51     4.35     0.52  7705.00  5568.00     0.50
   10    10   100     2     0   -82.00     6  1006.00   174.93    22.38     4.05     0.51  8070.00  5831.00     0.50
   10    10   100     2     0   -82.00     6  1007.00   160.44    25.98     5.16     0.48  7678.00  5348.00     0.50
   10    10   100     2     0   -82.00     6  1008.00   163.83    20.43     4.77     0.43  7615.00  5461.00     0.50
   10    10   100     2     0   -82.00     6  1009.00   168.84    16.59     1.98     0.48  7801.00  5628.00     0.50
   10    10   100     3     0   -82.00     6  1000.00   285.15    44.31    10.20     0.53 12064.00  9505.00     0.50
   10    10   100     3     0   -82.00     6  1001.00   256.20    46.11    12.12     0.56 11587.00  8540.00     0.50
   10    10   100     3     0   -82.00     6  1002.00   250.95    35.55     5.40     0.50 11038.00  8365.00     0.50
   10    10   100     3     0   -82.00     6  1003.00   266.61    39.72     8.97     0.50 11673.00  8887.00     0.50
   10    10   100     3     0   -82.00     6  1004.00   252.78    45.75    10.35     0.61 11190.00  8426.00     0.50
   10    10   100     3     0   -82.00     6  1005.00   261.48    42.81     9.15     0.61 11443.00  8716.00     0.50
   10    10   100     3     0   -82.00     6  1006.00   268.26    49.14    11.31     0.61 12002.00  8942.00     0.50
   10    10   100     3     0   -82.00     6  1007.00   241.50    49.11    12.42     0.58 11246.00  8050.00     0.50
   10    10   100     3     0   -82.00     6  1008.00   248.31    37.68    10.26     0.51 10903.00  8277.00     0.50
   10    10   100     3     0   -82.00     6  1009.00   265.44    42.84     7.29     0.52 11450.00  8848.00     0.50
   10    10   100     4     0   -82.00     6  1000.00   387.42    74.64    16.14     0.58 15875.00 12914.00     0.50
   10    10   100     4     0   -82.00     6  1001.00   351.51    68.85    16.68     0.60 14868.00 11717.00     0.50
   10    10   100     4     0   -82.00     6  1002.00   333.24    55.29    11.79     0.55 14138.00 11108.00     0.50
   10    10   100     4     0   -82.00     6  1003.00   354.69    66.90    18.42     0.55 14993.00 11823.00     0.50
   10    10   100     4     0   -82.00     6  1004.00   354.48    68.28    12.93     0.60 14907.00 11816.00     0.50
   10    10   100     4     0   -82.00     6  1005.00   360.87    63.21    17.49     0.63 15038.00 12029.00     0.50
   10    10   100     4     0   -82.00     6  1006.00   370.29    82.02    18.99     0.63 15778.00 12343.00     0.50
   10    10   100     4     0   -82.00     6  1007.00   323.46    72.42    20.79     0.64 14403.00 10782.00     0.50
   10    10   100     4     0   -82.00     6  1008.00   340.20    67.23    20.25     0.55 14433.00 11340.00     0.50
   10    10   100     4     0   -82.00     6  1009.00   354.96    65.31    16.83     0.56 14764.00 11832.00     0.50
   10    10   100     5     0   -82.00     6  1000.00   479.16   103.05    29.67     0.64 19065.00 15972.00     0.50
   10    10   100     5     0   -82.00     6  1001.00   434.28    96.18    29.67     0.60 18028.00 14476.00     0.50
   10    10   100     5     0   -82.00     6  1002.00   413.58    87.33    17.79     0.66 17406.00 13786.00     0.50
   10    10   100     5     0   -82.00     6  1003.00   455.73    97.74    26.58     0.62 18567.00 15191.00     0.50
   10    10   100     5     0   -82.00     6  1004.00   455.46    90.54    24.15     0.62 18481.00 15182.00     0.50
   10    10   100     5     0   -82.00     6  1005.00   462.84    96.39    24.87     0.61 18868.00 15428.00     0.50
   10    10   100     5     0   -82.00     6  1006.00   470.82   103.77    28.80     0.64 19195.00 15694.00     0.50
   10    10   100     5     0   -82.00     6  1007.00   426.69    90.78    25.14     0.63 17874.00 14223.00     0.50
   10    10   100     5     0   -82.00     6  1008.00   442.71    96.84    28.59     0.59 17979.00 14757.00     0.50
   10    10   100     5     0   -82.00     6  1009.00   454.89    86.25    21.42     0.58 18185.00 15163.00     0.50
   10    10   100     6     0   -82.00     6  1000.00   580.02   125.76    35.04     0.64 22622.00 19334.00     0.50
   10    10   100     6     0   -82.00     6  1001.00   538.89   123.69    38.04     0.65 21780.00 17963.00     0.50
   10    10   100     6     0   -82.00     6  1002.00   488.67    99.54    27.12     0.60 19684.00 16289.00     0.50
   10    10   100     6     0   -82.00     6  1003.00   521.01   113.85    35.07     0.63 20964.00 17367.00     0.50
   10    10   100     6     0   -82.00     6  1004.00   548.31   119.61    33.69     0.66 21510.00 18277.00     0.50
   10    10   100     6     0   -82.00     6  1005.00   555.51   129.42    35.88     0.65 21979.00 18517.00     0.50
   10    10   100     6     0   -82.00     6  1006.00   563.52   144.39    46.71     0.72 22695.00 18784.00     0.50
   10    10   100     6     0   -82.00     6  1007.00   476.58   123.30    36.15     0.69 20143.00 15886.00     0.50
   10    10   100     6     0   -82.00     6  1008.00   498.75   113.70    34.44     0.58 20245.00 16625.00     0.50
   10    10   100     6     0   -82.00     6  1009.00   536.46   113.07    32.16     0.64 21316.00 17882.00     0.50
   10    10   100     7     0   -82.00     6  1000.00   664.17   154.53    51.33     0.62 25602.00 22139.00     0.50
   10    10   100     7     0   -82.00     6  1001.00   601.02   149.97    47.67     0.71 23801.00 20034.00     0.50
   10    10   100     7     0   -82.00     6  1002.00   590.25   126.69    35.31     0.65 23549.00 19675.00     0.50
   10    10   100     7     0   -82.00     6  1003.00   584.10   140.73    44.01     0.67 23259.00 19470.00     0.50
   10    10   100     7     0   -82.00     6  1004.00   637.68   131.85    36.69     0.61 24289.00 21256.00     0.50
   10    10   100     7     0   -82.00     6  1005.00   634.41   155.19    47.94     0.67 24729.00 21147.00     0.50
   10    10   100     7     0   -82.00     6  1006.00   632.82   154.17    47.97     0.70 25101.00 21094.00     0.50
   10    10   100     7     0   -82.00     6  1007.00   567.63   148.89    52.98     0.72 23250.00 18921.00     0.50
   10    10   100     7     0   -82.00     6  1008.00   593.37   144.15    48.00     0.65 23410.00 19779.00     0.50
   10    10   100     7     0   -82.00     6  1009.00   593.40   142.77    46.44     0.69 23589.00 19780.00     0.50
   10    10   100     8     0   -82.00     6  1000.00   749.97   166.77    51.90     0.65 28468.00 24999.00     0.50
   10    10   100     8     0   -82.00     6  1001.00   705.63   176.43    59.52     0.71 27413.00 23521.00     0.50
   10    10   100     8     0   -82.00     6  1002.00   637.14   134.16    40.89     0.66 25123.00 21238.00     0.50
   10    10   100     8     0   -82.00     6  1003.00   704.07   172.71    56.04     0.67 27113.00 23469.00     0.50
   10    10   100     8     0   -82.00     6  1004.00   710.28   169.80    54.30     0.65 26951.00 23676.00     0.50
   10    10   100     8     0   -82.00     6  1005.00   737.01   181.02    59.01     0.68 28140.00 24567.00     0.50
   10    10   100     8     0   -82.00     6  1006.00   734.91   171.27    57.09     0.67 28139.00 24497.00     0.50
   10    10   100     8     0   -82.00     6  1007.00   629.07   173.10    56.76     0.75 25355.00 20969.00     0.50
   10    10   100     8     0   -82.00     6  1008.00   646.89   170.91    55.08     0.72 25526.00 21563.00     0.50
   10    10   100     8     0   -82.00     6  1009.00   651.60   164.58    52.86     0.68 25550.00 21720.00     0.50
   10    10   100     9     0   -82.00     6  1000.00   830.88   203.82    65.67     0.68 31114.00 27696.00     0.50
   10    10   100     9     0   -82.00     6  1001.00   760.95   202.92    66.39     0.71 29666.00 25365.00     0.50
   10    10   100     9     0   -82.00     6  1002.00   717.27   167.85    45.60     0.66 27659.00 23909.00     0.50
   10    10   100     9     0   -82.00     6  1003.00   792.18   199.65    64.65     0.70 30306.00 26406.00     0.50
   10    10   100     9     0   -82.00     6  1004.00   805.71   180.63    52.17     0.66 30087.00 26857.00     0.50
   10    10   100     9     0   -82.00     6  1005.00   837.42   215.01    68.43     0.71 31422.00 27914.00     0.50
   10    10   100     9     0   -82.00     6  1006.00   816.69   220.17    78.78     0.69 31254.00 27223.00     0.50
   10    10   100     9     0   -82.00     6  1007.00   713.88   202.08    62.01     0.76 28158.00 23796.00     0.50
   10    10   100     9     0   -82.00     6  1008.00   719.49   198.54    64.05     0.73 27862.00 23983.00     0.50
   10    10   100     9     0   -82.00     6  1009.00   742.11   175.68    48.72     0.70 28332.00 24737.00     0.50
