    3    33   100     4     0   -82.00     6  1000.00   122.91    21.93     5.76     0.49  6060.00  4097.00     0.50
    3    33   100     4     0   -82.00     6  1001.00   119.46    24.09     5.79     0.53  5706.00  3982.00     0.50
    3    33   100     4     0   -82.00     6  1002.00   119.01    25.20     6.09     0.60  5787.00  3967.00     0.50
    3    33   100     4     0   -82.00     6  1003.00   118.65    23.64     8.10     0.61  5828.00  3955.00     0.50
    3    33   100     4     0   -82.00     6  1004.00   120.78    20.04     4.59     0.31  5667.00  4026.00     0.50
    3    33   100     4     0   -82.00     6  1005.00   121.35    23.73     5.67     0.56  5976.00  4045.00     0.50
    3    33   100     4     0   -82.00     6  1006.00   115.80    25.77     5.31     0.51  5701.00  3860.00     0.50
    3    33   100     4     0   -82.00     6  1007.00   137.73    19.89     1.86     0.40  6468.00  4591.00     0.50
    3    33   100     4     0   -82.00     6  1008.00   115.41    26.85     7.62     0.67  5668.00  3847.00     0.50
    3    33   100     4     0   -82.00     6  1009.00   120.54    19.59     1.77     0.48  5598.00  4018.00     0.50
    4    25   100     4     0   -82.00     6  1000.00   164.67    14.82     1.35     0.36  7769.00  5489.00     0.50
    4    25   100     4     0   -82.00     6  1001.00   145.92    12.18     0.72     0.36  7202.00  4864.00     0.50
    4    25   100     4     0   -82.00     6  1002.00   159.21    19.83     2.55     0.34  7686.00  5307.00     0.50
    4    25   100     4     0   -82.00     6  1003.00   150.54    13.35     1.41     0.38  7310.00  5018.00     0.50
    4    25   100     4     0   -82.00     6  1004.00   141.09    18.54     2.16     0.45  7043.00  4703.00     0.50
    4    25   100     4     0   -82.00     6  1005.00   144.00    12.81     0.39     0.41  7064.00  4800.00     0.50
    4    25   100     4     0   -82.00     6  1006.00   154.62    22.23     1.26     0.49  7401.00  5154.00     0.50
    4    25   100     4     0   -82.00     6  1007.00   144.57    13.62     1.62     0.33  7194.00  4819.00     0.50
    4    25   100     4     0   -82.00     6  1008.00   136.92    17.88     1.77     0.43  6598.00  4564.00     0.50
    4    25   100     4     0   -82.00     6  1009.00   152.76    14.70     1.89     0.33  7127.00  5092.00     0.50
    5    20   100     4     0   -82.00     6  1000.00   231.54    22.29     1.95     0.44 10316.00  7718.00     0.50
    5    20   100     4     0   -82.00     6  1001.00   196.89    16.80     1.47     0.38  9215.00  6563.00     0.50
    5    20   100     4     0   -82.00     6  1002.00   187.32    13.44     0.90     0.37  8935.00  6244.00     0.50
    5    20   100     4     0   -82.00     6  1003.00   189.12    17.73     1.71     0.42  9059.00  6304.00     0.50
    5    20   100     4     0   -82.00     6  1004.00   170.91    19.65     2.70     0.42  8457.00  5697.00     0.50
    5    20   100     4     0   -82.00     6  1005.00   185.40    17.28     2.28     0.42  9166.00  6180.00     0.50
    5    20   100     4     0   -82.00     6  1006.00   169.11    22.74     3.75     0.48  8562.00  5637.00     0.50
    5    20   100     4     0   -82.00     6  1007.00   203.10    21.84     3.15     0.40  9449.00  6770.00     0.50
    5    20   100     4     0   -82.00     6  1008.00   187.32    21.51     2.28     0.47  9051.00  6244.00     0.50
    5    20   100     4     0   -82.00     6  1009.00   191.19    24.30     3.42     0.42  9099.00  6373.00     0.50
    6    16   100     4     0   -82.00     6  1000.00   266.73    32.61     3.99     0.46 11590.00  8891.00     0.50
    6    16   100     4     0   -82.00     6  1001.00   251.94    29.19     7.08     0.42 11345.00  8398.00     0.50
    6    16   100     4     0   -82.00     6  1002.00   225.06    30.81     4.95     0.48 10476.00  7502.00     0.50
    6    16   100     4     0   -82.00     6  1003.00   237.00    28.47     5.01     0.41 10723.00  7900.00     0.50
    6    16   100     4     0   -82.00     6  1004.00   240.18    26.76     4.29     0.44 10775.00  8006.00     0.50
    6    16   100     4     0   -82.00     6  1005.00   223.53    27.03     4.86     0.46 10239.00  7451.00     0.50
    6    16   100     4     0   -82.00     6  1006.00   238.14    23.70     4.56     0.44 10706.00  7938.00     0.50
    6    16   100     4     0   -82.00     6  1007.00   220.83    27.51     4.35     0.46 10207.00  7361.00     0.50
    6    16   100     4     0   -82.00     6  1008.00   229.56    30.30     4.17     0.48 10657.00  7652.00     0.50
    6    16   100     4     0   -82.00     6  1009.00   230.25    22.74     3.09     0.40 10625.00  7675.00     0.50
    7    14   100     4     0   -82.00     6  1000.00   255.51    50.13     8.70     0.64 11734.00  8517.00     0.50
    7    14   100     4     0   -82.00     6  1001.00   261.33    37.65     5.97     0.50 11903.00  8711.00     0.50
    7    14   100     4     0   -82.00     6  1002.00   258.12    33.99     6.30     0.53 11726.00  8604.00     0.50
    7    14   100     4     0   -82.00     6  1003.00   236.79    22.38     4.29     0.47 11285.00  7893.00     0.50
    7    14   100     4     0   -82.00     6  1004.00   255.18    36.99     9.66     0.46 11706.00  8506.00     0.50
    7    14   100     4     0   -82.00     6  1005.00   253.59    35.13     3.63     0.56 11572.00  8453.00     0.50
    7    14   100     4     0   -82.00     6  1006.00   265.62    44.13     9.15     0.54 12217.00  8854.00     0.50
    7    14   100     4     0   -82.00     6  1007.00   243.33    35.91     6.36     0.49 11326.00  8111.00     0.50
    7    14   100     4     0   -82.00     6  1008.00   268.02    37.05     7.68     0.48 11861.00  8934.00     0.50
    7    14   100     4     0   -82.00     6  1009.00   264.75    35.73     8.01     0.45 12070.00  8825.00     0.50
    8    12   100     4     0   -82.00     6  1000.00   314.67    50.01     9.66     0.51 13539.00 10489.00     0.50
    8    12   100     4     0   -82.00     6  1001.00   296.82    52.71    12.63     0.55 13331.00  9894.00     0.50
    8    12   100     4     0   -82.00     6  1002.00   271.59    39.12     9.96     0.49 12106.00  9053.00     0.50
    8    12   100     4     0   -82.00     6  1003.00   287.82    44.91    10.11     0.53 12937.00  9594.00     0.50
    8    12   100     4     0   -82.00     6  1004.00   281.67    40.95     8.43     0.53 12463.00  9389.00     0.50
    8    12   100     4     0   -82.00     6  1005.00   286.80    48.06     7.80     0.54 12649.00  9560.00     0.50
    8    12   100     4     0   -82.00     6  1006.00   289.44    46.02    10.83     0.56 12902.00  9648.00     0.50
    8    12   100     4     0   -82.00     6  1007.00   286.38    47.55    13.56     0.53 12638.00  9546.00     0.50
    8    12   100     4     0   -82.00     6  1008.00   283.80    47.55    11.16     0.52 12785.00  9460.00     0.50
    8    12   100     4     0   -82.00     6  1009.00   321.00    49.29     8.79     0.50 13662.00 10700.00     0.50
    9    11   100     4     0   -82.00     6  1000.00   304.08    61.62    13.32     0.59 13409.00 10136.00     0.50
    9    11   100     4     0   -82.00     6  1001.00   338.40    60.63    14.40     0.52 14386.00 11280.00     0.50
    9    11   100     4     0   -82.00     6  1002.00   288.45    42.69    10.59     0.51 12827.00  9615.00     0.50
    9    11   100     4     0   -82.00     6  1003.00   322.44    59.64    12.39     0.58 13919.00 10748.00     0.50
    9    11   100     4     0   -82.00     6  1004.00   301.65    54.27    14.55     0.58 13215.00 10055.00     0.50
    9    11   100     4     0   -82.00     6  1005.00   312.18    56.22    12.75     0.57 13542.00 10406.00     0.50
    9    11   100     4     0   -82.00     6  1006.00   363.69    55.74     9.87     0.54 15302.00 12123.00     0.50
    9    11   100     4     0   -82.00     6  1007.00   333.51    60.09    15.30     0.59 14220.00 11117.00     0.50
    9    11   100     4     0   -82.00     6  1008.00   314.52    58.95    14.79     0.59 13694.00 10484.00     0.50
    9    11   100     4     0   -82.00     6  1009.00   339.27    53.55    13.68     0.53 14463.00 11309.00     0.50
   10    10   100     4     0   -82.00     6  1000.00   387.42    74.64    16.14     0.58 15875.00 12914.00     0.50
   10    10   100     4     0   -82.00     6  1001.00   351.51    68.85    16.68     0.60 14868.00 11717.00     0.50
   10    10   100     4     0   -82.00     6  1002.00   333.24    55.29    11.79     0.55 14138.00 11108.00     0.50
   10    10   100     4     0   -82.00     6  1003.00   354.69    66.90    18.42     0.55 14993.00 11823.00     0.50
   10    10   100     4     0   -82.00     6  1004.00   354.48    68.28    12.93     0.60 14907.00 11816.00     0.50
   10    10   100     4     0   -82.00     6  1005.00   360.87    63.21    17.49     0.63 15038.00 12029.00     0.50
   10    10   100     4     0   -82.00     6  1006.00   370.29    82.02    18.99     0.63 15778.00 12343.00     0.50
   10    10   100     4     0   -82.00     6  1007.00   323.46    72.42    20.79     0.64 14403.00 10782.00     0.50
   10    10   100     4     0   -82.00     6  1008.00   340.20    67.23    20.25     0.55 14433.00 11340.00     0.50
   10    10   100     4     0   -82.00     6  1009.00   354.96    65.31    16.83     0.56 14764.00 11832.00     0.50
   11     9   100     4     0   -82.00     6  1000.00   417.15    83.16    19.35     0.60 16702.00 13905.00     0.50
   11     9   100     4     0   -82.00     6  1001.00   357.99    77.82    18.18     0.65 15347.00 11933.00     0.50
   11     9   100     4     0   -82.00     6  1002.00   380.13    76.74    16.89     0.62 15812.00 12671.00     0.50
   11     9   100     4     0   -82.00     6  1003.00   389.88    77.88    18.81     0.59 15902.00 12996.00     0.50
   11     9   100     4     0   -82.00     6  1004.00   376.26    94.17    25.74     0.70 15420.00 12542.00     0.50
   11     9   100     4     0   -82.00     6  1005.00   380.31    81.15    19.95     0.64 15780.00 12677.00     0.50
   11     9   100     4     0   -82.00     6  1006.00   398.49    76.71    18.27     0.57 16721.00 13283.00     0.50
   11     9   100     4     0   -82.00     6  1007.00   351.54    68.52    17.46     0.58 15013.00 11718.00     0.50
   11     9   100     4     0   -82.00     6  1008.00   365.85    84.75    22.02     0.65 15157.00 12195.00     0.50
   11     9   100     4     0   -82.00     6  1009.00   383.13    67.71    20.94     0.56 15912.00 12771.00     0.50
   12     8   100     4     0   -82.00     6  1000.00   462.42   105.24    29.76     0.63 18263.00 15414.00     0.50
   12     8   100     4     0   -82.00     6  1001.00   389.61    87.00    22.59     0.65 16129.00 12987.00     0.50
   12     8   100     4     0   -82.00     6  1002.00   404.94    80.49    20.34     0.60 16358.00 13498.00     0.50
   12     8   100     4     0   -82.00     6  1003.00   415.14    86.40    24.99     0.60 16738.00 13838.00     0.50
   12     8   100     4     0   -82.00     6  1004.00   382.41    75.69    21.69     0.64 15784.00 12747.00     0.50
   12     8   100     4     0   -82.00     6  1005.00   384.18    80.16    21.48     0.60 16100.00 12806.00     0.50
   12     8   100     4     0   -82.00     6  1006.00   411.15    90.87    24.81     0.62 17026.00 13705.00     0.50
   12     8   100     4     0   -82.00     6  1007.00   386.01    72.54    23.25     0.57 15691.00 12867.00     0.50
   12     8   100     4     0   -82.00     6  1008.00   408.72    76.65    22.38     0.57 16328.00 13624.00     0.50
   12     8   100     4     0   -82.00     6  1009.00   407.52    79.17    23.70     0.61 16565.00 13584.00     0.50
   13     7   100     4     0   -82.00     6  1000.00   440.79    89.70    22.83     0.66 17397.00 14693.00     0.50
   13     7   100     4     0   -82.00     6  1001.00   428.85    96.99    26.67     0.68 17141.00 14295.00     0.50
   13     7   100     4     0   -82.00     6  1002.00   413.19    84.15    24.57     0.59 16983.00 13773.00     0.50
   13     7   100     4     0   -82.00     6  1003.00   451.44    92.70    24.03     0.58 17938.00 15048.00     0.50
   13     7   100     4     0   -82.00     6  1004.00   397.83    87.45    27.54     0.64 16371.00 13261.00     0.50
   13     7   100     4     0   -82.00     6  1005.00   440.97    95.97    29.61     0.62 17462.00 14699.00     0.50
   13     7   100     4     0   -82.00     6  1006.00   434.91   105.54    31.80     0.65 17612.00 14497.00     0.50
   13     7   100     4     0   -82.00     6  1007.00   434.91    93.60    27.48     0.61 17304.00 14497.00     0.50
   13     7   100     4     0   -82.00     6  1008.00   416.13    98.85    30.36     0.65 16718.00 13871.00     0.50
   13     7   100     4     0   -82.00     6  1009.00   408.87    86.07    23.46     0.63 16582.00 13629.00     0.50
